,o,h,l,c,v,t
0,0.28405,0.28441,0.28280,0.28432,36802,1688601600000
1,0.28415,0.28415,0.28245,0.28274,12798,1688603400000
2,0.28281,0.28323,0.28139,0.28218,22056,1688605200000
3,0.28218,0.28362,0.28212,0.28349,8941,1688607000000
4,0.28373,0.28469,0.28350,0.28367,19686,1688608800000
5,0.28369,0.28428,0.28327,0.28356,4525,1688610600000
6,0.28365,0.28511,0.28365,0.28473,51641,1688612400000
7,0.28481,0.28536,0.28458,0.28496,2608,1688614200000
8,0.28495,0.28552,0.28456,0.28473,31773,1688616000000
9,0.28471,0.28494,0.28363,0.28368,2756,1688617800000
10,0.28368,0.28431,0.28329,0.28413,22814,1688619600000
11,0.28409,0.28606,0.28409,0.28604,25828,1688621400000
12,0.28605,0.28648,0.28521,0.28586,15663,1688623200000
13,0.28577,0.29095,0.28574,0.29072,193969,1688625000000
14,0.29062,0.29168,0.28812,0.28816,115643,1688626800000
15,0.28836,0.28981,0.28789,0.28799,17267,1688628600000
16,0.28803,0.28860,0.28739,0.28764,100132,1688630400000
17,0.28772,0.29149,0.28772,0.29131,128833,1688632200000
18,0.29131,0.29363,0.29123,0.29256,135228,1688634000000
19,0.29265,0.29286,0.29022,0.29088,25492,1688635800000
20,0.29076,0.29099,0.28976,0.29020,24470,1688637600000
21,0.29030,0.29164,0.29013,0.29145,24420,1688639400000
22,0.29143,0.29176,0.29050,0.29089,18183,1688641200000
23,0.29087,0.29121,0.28643,0.28767,54605,1688643000000
24,0.28766,0.28825,0.28470,0.28634,137985,1688644800000
25,0.28634,0.28637,0.28333,0.28545,15121,1688646600000
26,0.28545,0.28693,0.28545,0.28605,34125,1688648400000
27,0.28622,0.28622,0.28251,0.28312,47518,1688650200000
28,0.28318,0.28398,0.27660,0.27681,141493,1688652000000
29,0.27709,0.27957,0.27620,0.27918,16645,1688653800000
30,0.27893,0.28085,0.27748,0.28065,19576,1688655600000
31,0.28058,0.28294,0.28026,0.28243,34339,1688657400000
32,0.28226,0.28322,0.28192,0.28269,33506,1688659200000
33,0.28284,0.28284,0.28037,0.28185,19876,1688661000000
34,0.28186,0.28242,0.28145,0.28215,37202,1688662800000
35,0.28214,0.28439,0.28188,0.28432,14689,1688664600000
36,0.28446,0.28789,0.28441,0.28610,128633,1688666400000
37,0.28604,0.28672,0.28436,0.28612,51729,1688668200000
38,0.28603,0.28657,0.28439,0.28473,101791,1688670000000
39,0.28494,0.28494,0.28319,0.28382,95517,1688671800000
40,0.28372,0.28473,0.28327,0.28452,29471,1688673600000
41,0.28446,0.28446,0.28267,0.28318,30284,1688675400000
42,0.28341,0.28400,0.28174,0.28214,27837,1688677200000
43,0.28216,0.28285,0.28129,0.28265,4116,1688679000000
44,0.28277,0.28356,0.28230,0.28338,20805,1688680800000
45,0.28343,0.28403,0.28172,0.28306,17676,1688682600000
46,0.28302,0.28324,0.28032,0.28182,47301,1688684400000
47,0.28154,0.28167,0.27852,0.27857,16839,1688686200000
48,0.27846,0.28084,0.27594,0.27904,46218,1688688000000
49,0.27901,0.28083,0.27846,0.27994,3085,1688689800000
50,0.28003,0.28094,0.27984,0.28089,34964,1688691600000
51,0.28097,0.28233,0.28049,0.28186,22303,1688693400000
52,0.28207,0.28220,0.28114,0.28177,14853,1688695200000
53,0.28177,0.28235,0.28156,0.28199,10225,1688697000000
54,0.28216,0.28243,0.28135,0.28142,24512,1688698800000
55,0.28148,0.28209,0.28136,0.28184,13081,1688700600000
56,0.28194,0.28227,0.28022,0.28043,23380,1688702400000
57,0.28054,0.28054,0.27911,0.27971,46506,1688704200000
58,0.27976,0.28187,0.27900,0.28155,6137,1688706000000
59,0.28148,0.28215,0.28096,0.28176,5949,1688707800000
60,0.28187,0.28202,0.28087,0.28118,20953,1688709600000
61,0.28123,0.28180,0.28112,0.28117,3246,1688711400000
62,0.28107,0.28198,0.28102,0.28130,31293,1688713200000
63,0.28132,0.28169,0.27908,0.27955,21608,1688715000000
64,0.27963,0.28012,0.27849,0.27947,31350,1688716800000
65,0.27959,0.28045,0.27925,0.28034,3287,1688718600000
66,0.28034,0.28127,0.28000,0.28080,27667,1688720400000
67,0.28095,0.28189,0.28078,0.28183,4274,1688722200000
68,0.28183,0.28228,0.28104,0.28134,39505,1688724000000
69,0.28150,0.28240,0.28142,0.28234,8483,1688725800000
70,0.28257,0.28343,0.28229,0.28315,35692,1688727600000
71,0.28307,0.28314,0.28194,0.28209,13305,1688729400000
72,0.28220,0.28295,0.28102,0.28116,11511,1688731200000
73,0.28130,0.28464,0.28128,0.28363,15713,1688733000000
74,0.28378,0.28394,0.28214,0.28363,20999,1688734800000
75,0.28376,0.28530,0.28345,0.28483,39105,1688736600000
76,0.28503,0.28524,0.28313,0.28424,10859,1688738400000
77,0.28378,0.28472,0.28331,0.28431,6689,1688740200000
78,0.28429,0.28484,0.28319,0.28329,21574,1688742000000
79,0.28341,0.28431,0.28312,0.28417,12134,1688743800000
80,0.28416,0.28512,0.28374,0.28384,22693,1688745600000
81,0.28372,0.28489,0.28339,0.28483,5633,1688747400000
82,0.28498,0.28513,0.28320,0.28380,8520,1688749200000
83,0.28363,0.28371,0.28235,0.28363,45572,1688751000000
84,0.28374,0.28382,0.28273,0.28273,5682,1688752800000
85,0.28273,0.28312,0.28118,0.28126,3339,1688754600000
86,0.28144,0.28279,0.28118,0.28252,28540,1688756400000
87,0.28254,0.28303,0.28254,0.28286,2715,1688758200000
88,0.28312,0.28346,0.28270,0.28284,11914,1688760000000
89,0.28292,0.28376,0.28282,0.28353,9145,1688761800000
90,0.28362,0.28444,0.28337,0.28444,8724,1688763600000
91,0.28447,0.28447,0.28360,0.28364,7299,1688765400000
92,0.28392,0.28446,0.28317,0.28412,5748,1688767200000
93,0.28412,0.28476,0.28386,0.28461,6953,1688769000000
94,0.28464,0.28516,0.28457,0.28459,28896,1688770800000
95,0.28459,0.28463,0.28387,0.28442,2618,1688772600000
96,0.28442,0.28469,0.28365,0.28443,19835,1688774400000
97,0.28436,0.28516,0.28427,0.28508,3060,1688776200000
98,0.28525,0.28643,0.28466,0.28617,28657,1688778000000
99,0.28586,0.28593,0.28323,0.28417,21210,1688779800000
100,0.28437,0.28455,0.28383,0.28429,5825,1688781600000
101,0.28428,0.28504,0.28415,0.28483,4577,1688783400000
102,0.28491,0.28491,0.28355,0.28366,18856,1688785200000
103,0.28366,0.28383,0.28306,0.28323,5347,1688787000000
104,0.28342,0.28349,0.28245,0.28303,10285,1688788800000
105,0.28302,0.28375,0.28298,0.28360,14222,1688790600000
106,0.28360,0.28382,0.28176,0.28287,6769,1688792400000
107,0.28289,0.28330,0.28236,0.28317,6615,1688794200000
108,0.28326,0.28385,0.28280,0.28368,8697,1688796000000
109,0.28370,0.28584,0.28357,0.28556,31147,1688797800000
110,0.28556,0.28740,0.28462,0.28533,43857,1688799600000
111,0.28521,0.28578,0.28429,0.28460,8086,1688801400000
112,0.28472,0.28596,0.28430,0.28592,4002,1688803200000
113,0.28592,0.28657,0.28542,0.28644,2474,1688805000000
114,0.28646,0.28713,0.28587,0.28630,1058,1688806800000
115,0.28629,0.28699,0.28590,0.28671,8044,1688808600000
116,0.28693,0.28707,0.28611,0.28658,5871,1688810400000
117,0.28656,0.28697,0.28610,0.28680,13134,1688812200000
118,0.28697,0.28699,0.28430,0.28546,7882,1688814000000
119,0.28555,0.28629,0.28496,0.28611,6537,1688815800000
120,0.28610,0.28655,0.28503,0.28645,7850,1688817600000
121,0.28638,0.28696,0.28558,0.28581,1527,1688819400000
122,0.28589,0.28641,0.28553,0.28641,22202,1688821200000
123,0.28661,0.28677,0.28607,0.28621,4776,1688823000000
124,0.28635,0.28743,0.28615,0.28736,10786,1688824800000
125,0.28744,0.28745,0.28632,0.28673,12543,1688826600000
126,0.28694,0.29004,0.28694,0.29002,23605,1688828400000
127,0.29005,0.29055,0.28894,0.28915,27157,1688830200000
128,0.28915,0.29023,0.28876,0.28997,75618,1688832000000
129,0.29015,0.29165,0.29001,0.29148,30067,1688833800000
130,0.29146,0.29319,0.29051,0.29051,52539,1688835600000
131,0.29053,0.29066,0.28974,0.28974,18699,1688837400000
132,0.28974,0.29008,0.28859,0.28915,21714,1688839200000
133,0.28915,0.28978,0.28893,0.28928,15567,1688841000000
134,0.28931,0.28955,0.28714,0.28835,25352,1688842800000
135,0.28816,0.28969,0.28689,0.28937,17014,1688844600000
136,0.28958,0.29017,0.28805,0.28870,20046,1688846400000
137,0.28869,0.28916,0.28779,0.28916,16150,1688848200000
138,0.28923,0.28923,0.28824,0.28882,7863,1688850000000
139,0.28891,0.28895,0.28832,0.28839,16590,1688851800000
140,0.28839,0.28866,0.28786,0.28832,4606,1688853600000
141,0.28837,0.28992,0.28837,0.28984,11177,1688855400000
142,0.28984,0.29032,0.28951,0.29032,7472,1688857200000
143,0.29031,0.29075,0.28973,0.29062,1430,1688859000000
144,0.29074,0.29134,0.29025,0.29078,3799,1688860800000
145,0.29078,0.29143,0.29066,0.29096,7246,1688862600000
146,0.29098,0.29169,0.29035,0.29040,5155,1688864400000
147,0.29041,0.29068,0.28966,0.29027,1687,1688866200000
148,0.29038,0.29083,0.28990,0.29026,14208,1688868000000
149,0.29039,0.29130,0.28978,0.29121,8524,1688869800000
150,0.29122,0.29131,0.28974,0.28974,3931,1688871600000
151,0.28974,0.29033,0.28967,0.28999,744,1688873400000
152,0.29011,0.29022,0.28888,0.28888,5687,1688875200000
153,0.28887,0.28906,0.28800,0.28817,6309,1688877000000
154,0.28820,0.28849,0.28785,0.28846,16558,1688878800000
155,0.28846,0.28846,0.28782,0.28795,3790,1688880600000
156,0.28785,0.28802,0.28680,0.28707,23885,1688882400000
157,0.28702,0.28728,0.28655,0.28678,12815,1688884200000
158,0.28676,0.28742,0.28630,0.28689,27178,1688886000000
159,0.28689,0.28689,0.28546,0.28626,7931,1688887800000
160,0.28637,0.28680,0.28591,0.28653,4681,1688889600000
161,0.28662,0.28689,0.28645,0.28674,5763,1688891400000
162,0.28680,0.28690,0.28633,0.28649,2124,1688893200000
163,0.28650,0.28682,0.28612,0.28663,4544,1688895000000
164,0.28679,0.28683,0.28614,0.28623,13433,1688896800000
165,0.28624,0.28640,0.28586,0.28590,912,1688898600000
166,0.28591,0.28667,0.28556,0.28654,6240,1688900400000
167,0.28656,0.28695,0.28638,0.28655,6196,1688902200000
168,0.28664,0.28733,0.28613,0.28720,12889,1688904000000
169,0.28721,0.28798,0.28721,0.28765,5680,1688905800000
170,0.28770,0.28777,0.28703,0.28724,2409,1688907600000
171,0.28721,0.28729,0.28624,0.28636,30544,1688909400000
172,0.28643,0.28827,0.28484,0.28797,27597,1688911200000
173,0.28784,0.28848,0.28655,0.28739,23590,1688913000000
174,0.28760,0.28781,0.28621,0.28684,14725,1688914800000
175,0.28673,0.28703,0.28598,0.28616,7275,1688916600000
176,0.28630,0.28644,0.28572,0.28586,4756,1688918400000
177,0.28589,0.28640,0.28518,0.28532,35060,1688920200000
178,0.28532,0.28564,0.28469,0.28532,4604,1688922000000
179,0.28530,0.28596,0.28524,0.28595,15505,1688923800000
180,0.28595,0.28607,0.28509,0.28526,4458,1688925600000
181,0.28526,0.28564,0.28498,0.28498,7847,1688927400000
182,0.28522,0.28530,0.28406,0.28473,15080,1688929200000
183,0.28470,0.28515,0.28445,0.28503,2963,1688931000000
184,0.28532,0.28539,0.28455,0.28457,3379,1688932800000
185,0.28437,0.28456,0.28345,0.28456,6043,1688934600000
186,0.28463,0.28486,0.28372,0.28442,4572,1688936400000
187,0.28446,0.28487,0.28403,0.28419,1609,1688938200000
188,0.28435,0.28450,0.28307,0.28367,4350,1688940000000
189,0.28371,0.28545,0.28371,0.28522,10034,1688941800000
190,0.28540,0.28546,0.28410,0.28417,4126,1688943600000
191,0.28417,0.28457,0.28383,0.28442,22639,1688945400000
192,0.28437,0.28466,0.27805,0.28021,40534,1688947200000
193,0.28021,0.28204,0.28019,0.28096,72770,1688949000000
194,0.28077,0.28140,0.28009,0.28095,19141,1688950800000
195,0.28097,0.28139,0.27974,0.27974,6622,1688952600000
196,0.27985,0.28247,0.27985,0.28247,9171,1688954400000
197,0.28243,0.28521,0.28243,0.28499,14642,1688956200000
198,0.28521,0.28644,0.28507,0.28530,48278,1688958000000
199,0.28527,0.28535,0.28402,0.28410,15478,1688959800000
200,0.28418,0.28530,0.28394,0.28515,24555,1688961600000
201,0.28529,0.28653,0.28525,0.28581,33898,1688963400000
202,0.28570,0.28622,0.28435,0.28473,30681,1688965200000
203,0.28467,0.28484,0.28295,0.28295,31506,1688967000000
204,0.28298,0.28326,0.28227,0.28255,12316,1688968800000
205,0.28256,0.28256,0.28162,0.28182,5661,1688970600000
206,0.28192,0.28334,0.28184,0.28238,6643,1688972400000
207,0.28233,0.28324,0.28222,0.28319,4952,1688974200000
208,0.28324,0.28342,0.28049,0.28221,18076,1688976000000
209,0.28217,0.28280,0.28134,0.28231,2564,1688977800000
210,0.28233,0.28615,0.28181,0.28601,19973,1688979600000
211,0.28595,0.28642,0.28510,0.28518,12142,1688981400000
212,0.28530,0.28595,0.28495,0.28503,28575,1688983200000
213,0.28508,0.28595,0.28504,0.28533,3216,1688985000000
214,0.28533,0.28590,0.28485,0.28497,8067,1688986800000
215,0.28502,0.28522,0.28442,0.28512,47281,1688988600000
216,0.28523,0.28679,0.28498,0.28677,64287,1688990400000
217,0.28687,0.28881,0.28514,0.28527,40298,1688992200000
218,0.28532,0.28603,0.28478,0.28591,10870,1688994000000
219,0.28591,0.28729,0.28572,0.28590,48649,1688995800000
220,0.28591,0.28699,0.28591,0.28686,13730,1688997600000
221,0.28687,0.28755,0.28625,0.28706,9141,1688999400000
222,0.28714,0.28752,0.28656,0.28702,9512,1689001200000
223,0.28714,0.28808,0.28679,0.28782,72222,1689003000000
224,0.28784,0.28831,0.28613,0.28613,25380,1689004800000
225,0.28611,0.28770,0.28611,0.28737,11841,1689006600000
226,0.28751,0.28846,0.28674,0.28813,8280,1689008400000
227,0.28812,0.28836,0.28684,0.28833,11386,1689010200000
228,0.28826,0.28864,0.28700,0.28853,50840,1689012000000
229,0.28856,0.29100,0.28856,0.29027,8615,1689013800000
230,0.29036,0.29080,0.28921,0.29021,31353,1689015600000
231,0.29033,0.29141,0.28978,0.29124,27320,1689017400000
232,0.29129,0.29257,0.29061,0.29115,35925,1689019200000
233,0.29126,0.29164,0.28976,0.29033,11770,1689021000000
234,0.29041,0.29068,0.28927,0.29004,8232,1689022800000
235,0.29004,0.29069,0.28762,0.28785,6610,1689024600000
236,0.28785,0.28823,0.28633,0.28767,2879,1689026400000
237,0.28766,0.28798,0.28714,0.28798,5440,1689028200000
238,0.28805,0.28873,0.28781,0.28812,15011,1689030000000
239,0.28814,0.28814,0.28726,0.28767,25978,1689031800000
240,0.28784,0.28883,0.28754,0.28866,26973,1689033600000
241,0.28886,0.29063,0.28884,0.29055,10893,1689035400000
242,0.29068,0.29107,0.28938,0.29039,7393,1689037200000
243,0.29037,0.29105,0.29018,0.29037,4283,1689039000000
244,0.29048,0.29131,0.29013,0.29013,8529,1689040800000
245,0.28995,0.29087,0.28889,0.28922,14483,1689042600000
246,0.28955,0.29022,0.28885,0.28885,6455,1689044400000
247,0.28896,0.29023,0.28895,0.29015,2644,1689046200000
248,0.29034,0.29068,0.28975,0.28976,11817,1689048000000
249,0.28976,0.29033,0.28940,0.28947,12456,1689049800000
250,0.28954,0.28988,0.28936,0.28961,12494,1689051600000
251,0.28966,0.29020,0.28944,0.28994,3969,1689053400000
252,0.28988,0.29046,0.28979,0.29045,4942,1689055200000
253,0.29059,0.29287,0.29059,0.29287,45582,1689057000000
254,0.29286,0.29393,0.29187,0.29209,22142,1689058800000
255,0.29209,0.29252,0.29151,0.29160,4545,1689060600000
256,0.29171,0.29201,0.29139,0.29199,1315,1689062400000
257,0.29214,0.29345,0.29179,0.29179,10524,1689064200000
258,0.29174,0.29191,0.28973,0.29028,5836,1689066000000
259,0.29028,0.29069,0.28987,0.29065,1659,1689067800000
260,0.29055,0.29099,0.29010,0.29025,3638,1689069600000
261,0.29016,0.29023,0.28962,0.28993,6673,1689071400000
262,0.28997,0.29166,0.28997,0.29166,43495,1689073200000
263,0.29159,0.29179,0.29124,0.29138,3497,1689075000000
264,0.29127,0.29161,0.29074,0.29115,10479,1689076800000
265,0.29116,0.29226,0.29116,0.29202,2661,1689078600000
266,0.29210,0.29234,0.29122,0.29150,3300,1689080400000
267,0.29145,0.29230,0.29045,0.29105,10858,1689082200000
268,0.29105,0.29160,0.28974,0.29130,12943,1689084000000
269,0.29153,0.29224,0.29117,0.29156,11630,1689085800000
270,0.29146,0.29250,0.29029,0.29039,10335,1689087600000
271,0.29025,0.29116,0.28988,0.29067,12416,1689089400000
272,0.29075,0.29115,0.29024,0.29024,10771,1689091200000
273,0.29007,0.29202,0.29007,0.29127,26545,1689093000000
274,0.29140,0.29148,0.29058,0.29093,7021,1689094800000
275,0.29092,0.29092,0.28999,0.29016,18476,1689096600000
276,0.29016,0.29084,0.28995,0.29036,6333,1689098400000
277,0.29036,0.29036,0.28916,0.28978,35901,1689100200000
278,0.28984,0.29013,0.28848,0.28886,79564,1689102000000
279,0.28917,0.28992,0.28915,0.28956,3832,1689103800000
280,0.28971,0.29057,0.28959,0.28971,22050,1689105600000
281,0.28966,0.29046,0.28966,0.29014,4895,1689107400000
282,0.29025,0.29093,0.29006,0.29061,12371,1689109200000
283,0.29055,0.29116,0.29037,0.29078,5043,1689111000000
284,0.29086,0.29184,0.29053,0.29184,8256,1689112800000
285,0.29178,0.29223,0.29148,0.29193,15243,1689114600000
286,0.29217,0.29291,0.29194,0.29271,7104,1689116400000
287,0.29271,0.29296,0.29229,0.29269,6182,1689118200000
288,0.29285,0.29511,0.29236,0.29380,22362,1689120000000
289,0.29366,0.29477,0.29340,0.29363,17079,1689121800000
290,0.29387,0.29524,0.29381,0.29426,41652,1689123600000
291,0.29437,0.29486,0.29337,0.29379,9789,1689125400000
292,0.29374,0.29405,0.29272,0.29297,22137,1689127200000
293,0.29292,0.29352,0.29292,0.29307,7092,1689129000000
294,0.29314,0.29349,0.29242,0.29349,1327,1689130800000
295,0.29344,0.29390,0.29299,0.29313,3082,1689132600000
296,0.29321,0.29330,0.29245,0.29326,3782,1689134400000
297,0.29328,0.29428,0.29328,0.29403,33997,1689136200000
298,0.29420,0.29465,0.29375,0.29395,5636,1689138000000
299,0.29395,0.29462,0.29345,0.29348,3757,1689139800000
300,0.29352,0.29429,0.29295,0.29395,1215,1689141600000
301,0.29396,0.29460,0.29339,0.29383,25279,1689143400000
302,0.29395,0.29400,0.29327,0.29357,15071,1689145200000
303,0.29353,0.29443,0.29344,0.29352,4374,1689147000000
304,0.29363,0.29378,0.29265,0.29291,5019,1689148800000
305,0.29277,0.29291,0.29213,0.29270,4570,1689150600000
306,0.29265,0.29309,0.29247,0.29272,31111,1689152400000
307,0.29274,0.29327,0.29260,0.29310,4017,1689154200000
308,0.29312,0.29334,0.29165,0.29173,6270,1689156000000
309,0.29162,0.29224,0.29151,0.29224,12775,1689157800000
310,0.29223,0.29297,0.29184,0.29265,11147,1689159600000
311,0.29263,0.29272,0.29207,0.29234,5281,1689161400000
312,0.29242,0.29266,0.29122,0.29201,7590,1689163200000
313,0.29232,0.29476,0.29204,0.29290,36952,1689165000000
314,0.29295,0.29393,0.29239,0.29243,16742,1689166800000
315,0.29243,0.29306,0.29058,0.29188,23845,1689168600000
316,0.29176,0.29276,0.29172,0.29252,8337,1689170400000
317,0.29258,0.29357,0.29248,0.29273,4711,1689172200000
318,0.29278,0.29349,0.29195,0.29213,9178,1689174000000
319,0.29221,0.29233,0.29031,0.29061,2978,1689175800000
320,0.29062,0.29068,0.28800,0.28880,7775,1689177600000
321,0.28877,0.28944,0.28855,0.28937,2426,1689179400000
322,0.28954,0.28995,0.28915,0.28953,9366,1689181200000
323,0.28952,0.29001,0.28898,0.28912,3521,1689183000000
324,0.28906,0.28965,0.28896,0.28965,22394,1689184800000
325,0.28927,0.28946,0.28885,0.28936,19263,1689186600000
326,0.28937,0.28937,0.28608,0.28731,12167,1689188400000
327,0.28721,0.28721,0.28501,0.28622,15019,1689190200000
328,0.28591,0.28758,0.28556,0.28758,4222,1689192000000
329,0.28754,0.28770,0.28704,0.28728,9699,1689193800000
330,0.28733,0.28734,0.28698,0.28732,8014,1689195600000
331,0.28725,0.28754,0.28632,0.28741,1355,1689197400000
332,0.28734,0.28750,0.28695,0.28740,7558,1689199200000
333,0.28739,0.28786,0.28731,0.28768,1922,1689201000000
334,0.28767,0.28832,0.28762,0.28830,3988,1689202800000
335,0.28826,0.28901,0.28820,0.28894,8496,1689204600000
336,0.28914,0.28914,0.28807,0.28816,3440,1689206400000
337,0.28814,0.28814,0.28671,0.28676,8292,1689208200000
338,0.28684,0.28742,0.28607,0.28652,2027,1689210000000
339,0.28658,0.28775,0.28574,0.28775,2994,1689211800000
340,0.28764,0.28780,0.28732,0.28779,3403,1689213600000
341,0.28784,0.28793,0.28666,0.28690,2948,1689215400000
342,0.28696,0.28716,0.28636,0.28636,2057,1689217200000
343,0.28624,0.28666,0.28609,0.28659,5330,1689219000000
344,0.28633,0.28723,0.28590,0.28719,53824,1689220800000
345,0.28714,0.28765,0.28694,0.28713,495,1689222600000
346,0.28713,0.28753,0.28665,0.28692,2739,1689224400000
347,0.28686,0.28702,0.28641,0.28689,10609,1689226200000
348,0.28700,0.28760,0.28655,0.28760,29933,1689228000000
349,0.28762,0.28782,0.28725,0.28728,12544,1689229800000
350,0.28727,0.28796,0.28715,0.28749,2861,1689231600000
351,0.28756,0.28772,0.28624,0.28630,1127,1689233400000
352,0.28636,0.28684,0.28592,0.28680,30444,1689235200000
353,0.28687,0.28704,0.28630,0.28687,4180,1689237000000
354,0.28684,0.28763,0.28660,0.28698,6881,1689238800000
355,0.28707,0.28919,0.28707,0.28867,12148,1689240600000
356,0.28884,0.28890,0.28807,0.28833,11169,1689242400000
357,0.28826,0.28912,0.28822,0.28897,9374,1689244200000
358,0.28908,0.28937,0.28859,0.28921,1484,1689246000000
359,0.28922,0.28937,0.28878,0.28878,5421,1689247800000
360,0.28895,0.28933,0.28817,0.28848,4366,1689249600000
361,0.28848,0.28976,0.28766,0.28861,46908,1689251400000
362,0.28861,0.28866,0.28795,0.28848,13080,1689253200000
363,0.28857,0.28990,0.28847,0.28974,17761,1689255000000
364,0.28983,0.28984,0.28822,0.28908,7763,1689256800000
365,0.28888,0.28935,0.28879,0.28908,2770,1689258600000
366,0.28912,0.29364,0.28805,0.29326,24230,1689260400000
367,0.29430,0.31329,0.29334,0.31131,310994,1689262200000
368,0.31117,0.31904,0.30985,0.31715,195534,1689264000000
369,0.31710,0.31843,0.31220,0.31806,126455,1689265800000
370,0.31800,0.32769,0.31748,0.32432,162608,1689267600000
371,0.32419,0.33285,0.32415,0.33130,240191,1689269400000
372,0.33081,0.36724,0.33018,0.35050,328537,1689271200000
373,0.35059,0.35059,0.33333,0.33777,299905,1689273000000
374,0.33740,0.34799,0.33700,0.34772,125461,1689274800000
375,0.34749,0.35000,0.34334,0.34787,187235,1689276600000
376,0.34792,0.34928,0.34310,0.34374,87492,1689278400000
377,0.34375,0.34402,0.33866,0.33949,81898,1689280200000
378,0.33976,0.34252,0.33590,0.33668,153243,1689282000000
379,0.33688,0.33869,0.33597,0.33714,35454,1689283800000
380,0.33738,0.34379,0.33738,0.34364,31507,1689285600000
381,0.34366,0.34631,0.34334,0.34589,132157,1689287400000
382,0.34566,0.35329,0.34501,0.35300,106298,1689289200000
383,0.35292,0.35996,0.35136,0.35671,96876,1689291000000
384,0.35684,0.37897,0.35667,0.36352,543250,1689292800000
385,0.36329,0.37109,0.36159,0.36649,125860,1689294600000
386,0.36615,0.36650,0.35419,0.36000,124769,1689296400000
387,0.36000,0.36079,0.35698,0.35837,121072,1689298200000
388,0.35842,0.36040,0.35520,0.35683,48678,1689300000000
389,0.35683,0.36207,0.35662,0.36159,65508,1689301800000
390,0.36159,0.36230,0.35949,0.36040,29196,1689303600000
391,0.36036,0.36142,0.35789,0.36128,51424,1689305400000
392,0.36141,0.36588,0.36101,0.36588,32385,1689307200000
393,0.36620,0.36632,0.36016,0.36120,47637,1689309000000
394,0.36117,0.36120,0.35668,0.35783,27744,1689310800000
395,0.35785,0.36001,0.35761,0.35899,16837,1689312600000
396,0.35898,0.36115,0.35863,0.35993,20981,1689314400000
397,0.35980,0.36371,0.35852,0.36169,101149,1689316200000
398,0.36179,0.36238,0.35322,0.35469,81930,1689318000000
399,0.35465,0.35465,0.35112,0.35250,21506,1689319800000
400,0.35261,0.35434,0.35224,0.35280,14725,1689321600000
401,0.35275,0.35481,0.35211,0.35223,29304,1689323400000
402,0.35230,0.35253,0.34469,0.34762,42916,1689325200000
403,0.34773,0.34862,0.34419,0.34729,33073,1689327000000
404,0.34721,0.35120,0.34707,0.34980,34362,1689328800000
405,0.34965,0.35084,0.34845,0.34993,17481,1689330600000
406,0.34969,0.35085,0.34844,0.35080,41510,1689332400000
407,0.35059,0.35210,0.34894,0.35109,51722,1689334200000
408,0.35100,0.35108,0.34799,0.34867,30818,1689336000000
409,0.34869,0.34869,0.34434,0.34590,59528,1689337800000
410,0.34563,0.34713,0.34509,0.34652,12959,1689339600000
411,0.34656,0.35085,0.34430,0.35074,39188,1689341400000
412,0.35060,0.35104,0.34709,0.34764,14634,1689343200000
413,0.34748,0.34919,0.34704,0.34866,24357,1689345000000
414,0.34849,0.34951,0.34711,0.34848,23388,1689346800000
415,0.34849,0.34915,0.34623,0.34720,18532,1689348600000
416,0.34711,0.34739,0.34012,0.34089,107332,1689350400000
417,0.34140,0.34341,0.33679,0.34119,282615,1689352200000
418,0.34089,0.34089,0.33244,0.33560,80993,1689354000000
419,0.33554,0.33739,0.33050,0.33090,51601,1689355800000
420,0.33118,0.33358,0.32312,0.32338,54352,1689357600000
421,0.32280,0.32280,0.31645,0.32017,97181,1689359400000
422,0.32023,0.32474,0.31748,0.32409,61112,1689361200000
423,0.32409,0.32419,0.32008,0.32111,43644,1689363000000
424,0.32106,0.32233,0.31938,0.31959,17412,1689364800000
425,0.31968,0.32510,0.31849,0.32281,18656,1689366600000
426,0.32272,0.32508,0.32245,0.32437,13160,1689368400000
427,0.32440,0.32520,0.32366,0.32501,8022,1689370200000
428,0.32496,0.32496,0.32353,0.32367,30626,1689372000000
429,0.32367,0.32629,0.32367,0.32558,48873,1689373800000
430,0.32521,0.32979,0.32517,0.32943,36532,1689375600000
431,0.32940,0.32989,0.32767,0.32767,18548,1689377400000
432,0.32796,0.32797,0.32469,0.32600,18417,1689379200000
433,0.32630,0.32656,0.32462,0.32629,13045,1689381000000
434,0.32608,0.32646,0.32443,0.32545,11216,1689382800000
435,0.32578,0.32798,0.32568,0.32667,10881,1689384600000
436,0.32670,0.32706,0.32526,0.32609,17031,1689386400000
437,0.32606,0.32819,0.32606,0.32693,21271,1689388200000
438,0.32724,0.32784,0.32403,0.32470,6451,1689390000000
439,0.32494,0.32795,0.32485,0.32619,4249,1689391800000
440,0.32629,0.32885,0.32610,0.32880,5795,1689393600000
441,0.32881,0.32954,0.32791,0.32905,11270,1689395400000
442,0.32887,0.32917,0.32743,0.32793,4251,1689397200000
443,0.32759,0.33038,0.32759,0.33022,27908,1689399000000
444,0.33040,0.33324,0.32966,0.33243,11812,1689400800000
445,0.33262,0.33476,0.33258,0.33388,46989,1689402600000
446,0.33379,0.33536,0.33340,0.33389,117224,1689404400000
447,0.33390,0.33631,0.33351,0.33467,20250,1689406200000
448,0.33463,0.33700,0.33423,0.33652,119836,1689408000000
449,0.33610,0.33739,0.33525,0.33539,19119,1689409800000
450,0.33533,0.33548,0.33386,0.33424,4272,1689411600000
451,0.33414,0.33483,0.33355,0.33458,7190,1689413400000
452,0.33452,0.33623,0.33452,0.33519,11512,1689415200000
453,0.33534,0.33559,0.33369,0.33415,5421,1689417000000
454,0.33403,0.33496,0.33234,0.33265,14132,1689418800000
455,0.33287,0.33309,0.33235,0.33251,5644,1689420600000
456,0.33229,0.33372,0.33229,0.33372,11990,1689422400000
457,0.33356,0.33513,0.33304,0.33407,8405,1689424200000
458,0.33428,0.33446,0.33220,0.33268,13493,1689426000000
459,0.33268,0.33379,0.33179,0.33307,21269,1689427800000
460,0.33305,0.33385,0.33048,0.33078,43595,1689429600000
461,0.33097,0.33220,0.32920,0.32967,16689,1689431400000
462,0.32985,0.33141,0.32880,0.33074,8091,1689433200000
463,0.33071,0.33149,0.33052,0.33098,8708,1689435000000
464,0.33098,0.33107,0.32900,0.33085,8311,1689436800000
465,0.33094,0.33112,0.32814,0.32880,17932,1689438600000
466,0.32896,0.33032,0.32884,0.33032,8518,1689440400000
467,0.33024,0.33050,0.32826,0.32869,25018,1689442200000
468,0.32878,0.32958,0.32851,0.32956,10778,1689444000000
469,0.32958,0.33219,0.32930,0.33094,13875,1689445800000
470,0.33094,0.33212,0.33086,0.33204,20159,1689447600000
471,0.33177,0.33177,0.32939,0.32948,18359,1689449400000
472,0.32944,0.32944,0.32811,0.32818,32693,1689451200000
473,0.32809,0.32818,0.32727,0.32745,8172,1689453000000
474,0.32728,0.32728,0.32455,0.32629,11101,1689454800000
475,0.32636,0.32725,0.32605,0.32611,8125,1689456600000
476,0.32611,0.32642,0.32482,0.32640,8671,1689458400000
477,0.32640,0.32663,0.32512,0.32538,9513,1689460200000
478,0.32537,0.32597,0.32520,0.32592,10622,1689462000000
479,0.32592,0.32603,0.32503,0.32589,34868,1689463800000
480,0.32608,0.32755,0.32464,0.32499,10277,1689465600000
481,0.32506,0.32574,0.32449,0.32547,7819,1689467400000
482,0.32547,0.32712,0.32525,0.32611,13701,1689469200000
483,0.32620,0.32620,0.32247,0.32259,20082,1689471000000
484,0.32258,0.32344,0.31700,0.31975,44960,1689472800000
485,0.31989,0.32201,0.31966,0.32110,23885,1689474600000
486,0.32110,0.32113,0.31931,0.32038,6197,1689476400000
487,0.32052,0.32092,0.31997,0.32023,5450,1689478200000
488,0.32012,0.32061,0.31960,0.32040,10938,1689480000000
489,0.32038,0.32038,0.31920,0.32008,9343,1689481800000
490,0.32010,0.32110,0.31993,0.32015,12289,1689483600000
491,0.32010,0.32050,0.31921,0.32050,8272,1689485400000
492,0.32058,0.32060,0.31739,0.31865,30505,1689487200000
493,0.31852,0.31979,0.31800,0.31837,20062,1689489000000
494,0.31824,0.32010,0.31812,0.32009,21847,1689490800000
495,0.32010,0.32104,0.31985,0.32098,14540,1689492600000
496,0.32084,0.32128,0.32000,0.32072,19426,1689494400000
497,0.32067,0.32085,0.31989,0.32012,8125,1689496200000
498,0.32008,0.32171,0.32004,0.32161,1956,1689498000000
499,0.32166,0.32166,0.31997,0.32042,3788,1689499800000
500,0.32042,0.32599,0.32042,0.32399,59695,1689501600000
501,0.32383,0.32405,0.32017,0.32137,26262,1689503400000
502,0.32137,0.32335,0.32104,0.32163,6786,1689505200000
503,0.32164,0.32323,0.32140,0.32245,6898,1689507000000
504,0.32233,0.32371,0.32131,0.32185,28187,1689508800000
505,0.32186,0.32194,0.32077,0.32128,5352,1689510600000
506,0.32132,0.32146,0.31901,0.31980,20302,1689512400000
507,0.31962,0.32084,0.31933,0.32037,141398,1689514200000
508,0.32046,0.32388,0.31994,0.32357,26349,1689516000000
509,0.32375,0.32416,0.32176,0.32246,24213,1689517800000
510,0.32237,0.32252,0.32123,0.32210,46643,1689519600000
511,0.32210,0.32245,0.31957,0.32102,9563,1689521400000
512,0.32084,0.32085,0.31900,0.32010,78424,1689523200000
513,0.32011,0.32044,0.31905,0.31941,8656,1689525000000
514,0.31947,0.32284,0.31924,0.32268,87851,1689526800000
515,0.32252,0.32252,0.32100,0.32128,4695,1689528600000
516,0.32128,0.32273,0.31985,0.32025,42506,1689530400000
517,0.32032,0.32070,0.31828,0.31907,45938,1689532200000
518,0.31905,0.31981,0.31844,0.31943,39105,1689534000000
519,0.31928,0.31979,0.31440,0.31524,179459,1689535800000
520,0.31522,0.31694,0.31331,0.31435,43847,1689537600000
521,0.31441,0.31608,0.31441,0.31583,14825,1689539400000
522,0.31595,0.31903,0.31595,0.31870,3088,1689541200000
523,0.31856,0.31856,0.31685,0.31685,5646,1689543000000
524,0.31684,0.31964,0.31677,0.31794,11795,1689544800000
525,0.31795,0.31846,0.31695,0.31695,7057,1689546600000
526,0.31711,0.31723,0.31438,0.31456,16768,1689548400000
527,0.31426,0.31494,0.31169,0.31431,15497,1689550200000
528,0.31456,0.31615,0.31231,0.31506,17876,1689552000000
529,0.31521,0.31521,0.31190,0.31353,6599,1689553800000
530,0.31331,0.31580,0.31293,0.31567,12727,1689555600000
531,0.31567,0.31818,0.31565,0.31786,13494,1689557400000
532,0.31763,0.31775,0.31642,0.31647,6971,1689559200000
533,0.31642,0.31743,0.31583,0.31593,4027,1689561000000
534,0.31592,0.31811,0.31570,0.31784,2449,1689562800000
535,0.31766,0.31854,0.31765,0.31836,1905,1689564600000
536,0.31796,0.31838,0.31736,0.31807,1433,1689566400000
537,0.31789,0.31904,0.31665,0.31892,23033,1689568200000
538,0.31874,0.31967,0.31797,0.31854,29143,1689570000000
539,0.31843,0.31891,0.31683,0.31692,13721,1689571800000
540,0.31682,0.31800,0.31660,0.31754,3116,1689573600000
541,0.31738,0.31840,0.31647,0.31838,7380,1689575400000
542,0.31818,0.31827,0.31677,0.31782,6327,1689577200000
543,0.31778,0.31778,0.31601,0.31660,4581,1689579000000
544,0.31639,0.31822,0.31520,0.31821,2738,1689580800000
545,0.31841,0.31887,0.31595,0.31599,14872,1689582600000
546,0.31597,0.31665,0.31220,0.31409,26580,1689584400000
547,0.31403,0.31467,0.31041,0.31154,149133,1689586200000
548,0.31211,0.31360,0.30562,0.31000,15397,1689588000000
549,0.30949,0.31206,0.30890,0.31127,5500,1689589800000
550,0.31113,0.31328,0.31092,0.31302,16486,1689591600000
551,0.31302,0.31329,0.31118,0.31139,9768,1689593400000
552,0.31127,0.31170,0.30921,0.30944,4730,1689595200000
553,0.30935,0.31349,0.30858,0.31313,6024,1689597000000
554,0.31334,0.31457,0.31200,0.31436,19238,1689598800000
555,0.31451,0.31591,0.31307,0.31535,1686,1689600600000
556,0.31556,0.31610,0.31395,0.31426,29270,1689602400000
557,0.31435,0.31513,0.31385,0.31489,6921,1689604200000
558,0.31501,0.31537,0.31260,0.31299,3766,1689606000000
559,0.31293,0.31355,0.31210,0.31326,14895,1689607800000
560,0.31322,0.31591,0.31255,0.31418,17834,1689609600000
561,0.31414,0.31444,0.31051,0.31235,170256,1689611400000
562,0.31237,0.31337,0.30741,0.31148,34875,1689613200000
563,0.31162,0.31248,0.30932,0.30932,6556,1689615000000
564,0.30957,0.30984,0.30818,0.30920,3826,1689616800000
565,0.30937,0.30950,0.30565,0.30785,25974,1689618600000
566,0.30785,0.31087,0.30697,0.31054,8777,1689620400000
567,0.31045,0.31113,0.30944,0.30988,4202,1689622200000
568,0.30977,0.31099,0.30914,0.30917,55435,1689624000000
569,0.30904,0.30927,0.30784,0.30845,5547,1689625800000
570,0.30845,0.31094,0.30809,0.31086,23447,1689627600000
571,0.31084,0.31339,0.30945,0.31290,4882,1689629400000
572,0.31318,0.31347,0.31197,0.31276,13053,1689631200000
573,0.31294,0.31373,0.31159,0.31159,6165,1689633000000
574,0.31170,0.31302,0.31127,0.31272,7289,1689634800000
575,0.31265,0.31296,0.31165,0.31165,7569,1689636600000
576,0.31175,0.31369,0.31101,0.31369,8387,1689638400000
577,0.31359,0.31398,0.31204,0.31256,2953,1689640200000
578,0.31269,0.31341,0.31185,0.31328,3698,1689642000000
579,0.31319,0.31340,0.31235,0.31288,2535,1689643800000
580,0.31292,0.31311,0.31079,0.31079,3466,1689645600000
581,0.31085,0.31085,0.30956,0.30982,15577,1689647400000
582,0.30984,0.31071,0.30951,0.30951,9106,1689649200000
583,0.30956,0.31015,0.30889,0.30951,15124,1689651000000
584,0.30944,0.30998,0.30823,0.30926,3891,1689652800000
585,0.30920,0.30976,0.30860,0.30876,2712,1689654600000
586,0.30889,0.30899,0.30810,0.30867,1499,1689656400000
587,0.30889,0.31020,0.30771,0.30879,16403,1689658200000
588,0.30872,0.30944,0.30762,0.30907,6689,1689660000000
589,0.30894,0.30894,0.30452,0.30628,10761,1689661800000
590,0.30644,0.30665,0.30530,0.30621,3237,1689663600000
591,0.30635,0.30688,0.30571,0.30628,758,1689665400000
592,0.30622,0.30833,0.30382,0.30812,17808,1689667200000
593,0.30797,0.30835,0.30666,0.30677,11111,1689669000000
594,0.30671,0.30799,0.30663,0.30773,11694,1689670800000
595,0.30757,0.30757,0.30590,0.30605,12136,1689672600000
596,0.30609,0.30644,0.30559,0.30595,26826,1689674400000
597,0.30582,0.30843,0.30567,0.30786,7151,1689676200000
598,0.30769,0.30869,0.30738,0.30860,3569,1689678000000
599,0.30859,0.30875,0.30300,0.30332,16911,1689679800000
600,0.30327,0.30463,0.30201,0.30433,12679,1689681600000
601,0.30416,0.30637,0.30317,0.30512,9305,1689683400000
602,0.30513,0.30513,0.30308,0.30368,5954,1689685200000
603,0.30363,0.30501,0.30321,0.30397,7388,1689687000000
604,0.30409,0.30626,0.30366,0.30578,8458,1689688800000
605,0.30567,0.30594,0.30389,0.30527,33117,1689690600000
606,0.30538,0.30539,0.30327,0.30352,9835,1689692400000
607,0.30355,0.30485,0.30327,0.30485,21672,1689694200000
608,0.30478,0.30643,0.30406,0.30448,16274,1689696000000
609,0.30447,0.30526,0.29960,0.30241,27181,1689697800000
610,0.30256,0.30332,0.30210,0.30210,7914,1689699600000
611,0.30225,0.30423,0.30201,0.30423,15374,1689701400000
612,0.30427,0.30689,0.30397,0.30689,41801,1689703200000
613,0.30671,0.30689,0.30574,0.30666,58207,1689705000000
614,0.30640,0.30766,0.30530,0.30547,49068,1689706800000
615,0.30531,0.30591,0.30345,0.30359,9400,1689708600000
616,0.30377,0.30463,0.30263,0.30281,17410,1689710400000
617,0.30285,0.30403,0.30177,0.30265,43600,1689712200000
618,0.30265,0.30443,0.30234,0.30434,9215,1689714000000
619,0.30435,0.30466,0.30395,0.30405,4668,1689715800000
620,0.30412,0.30501,0.30351,0.30488,4510,1689717600000
621,0.30488,0.30587,0.30418,0.30587,289,1689719400000
622,0.30574,0.30668,0.30467,0.30633,7880,1689721200000
623,0.30635,0.30937,0.30555,0.30937,19584,1689723000000
624,0.30947,0.30997,0.30695,0.30966,13942,1689724800000
625,0.31007,0.31558,0.31007,0.31504,9072,1689726600000
626,0.31508,0.31643,0.31376,0.31608,32954,1689728400000
627,0.31633,0.31738,0.31552,0.31574,13138,1689730200000
628,0.31590,0.31690,0.31485,0.31485,13057,1689732000000
629,0.31497,0.31938,0.31471,0.31812,42611,1689733800000
630,0.31811,0.32079,0.31811,0.32005,44216,1689735600000
631,0.32022,0.32361,0.32006,0.32019,44008,1689737400000
632,0.31992,0.32011,0.31729,0.31899,12676,1689739200000
633,0.31888,0.31935,0.31770,0.31889,9247,1689741000000
634,0.31884,0.32014,0.31816,0.31925,14894,1689742800000
635,0.31943,0.32013,0.31925,0.31980,16935,1689744600000
636,0.31967,0.32025,0.31690,0.31699,31442,1689746400000
637,0.31719,0.31754,0.31556,0.31657,17840,1689748200000
638,0.31681,0.31751,0.31589,0.31695,15604,1689750000000
639,0.31702,0.31705,0.31481,0.31589,18671,1689751800000
640,0.31572,0.31593,0.31411,0.31518,16311,1689753600000
641,0.31521,0.31579,0.31321,0.31324,11967,1689755400000
642,0.31343,0.31604,0.31255,0.31568,7293,1689757200000
643,0.31576,0.31701,0.31505,0.31686,11669,1689759000000
644,0.31708,0.31768,0.31605,0.31605,5754,1689760800000
645,0.31615,0.31729,0.31581,0.31624,3369,1689762600000
646,0.31645,0.31645,0.31464,0.31523,6128,1689764400000
647,0.31532,0.31725,0.31504,0.31674,5802,1689766200000
648,0.31664,0.31772,0.31490,0.31510,12274,1689768000000
649,0.31498,0.31628,0.31373,0.31572,12845,1689769800000
650,0.31573,0.31629,0.31420,0.31540,7085,1689771600000
651,0.31539,0.31860,0.31533,0.31613,53011,1689773400000
652,0.31628,0.31650,0.31298,0.31304,179208,1689775200000
653,0.31270,0.31298,0.31066,0.31154,23771,1689777000000
654,0.31154,0.31274,0.31082,0.31243,14492,1689778800000
655,0.31239,0.31318,0.31143,0.31266,110073,1689780600000
656,0.31265,0.31272,0.31047,0.31059,79982,1689782400000
657,0.31064,0.31127,0.31020,0.31086,119412,1689784200000
658,0.31086,0.31249,0.31028,0.31174,13348,1689786000000
659,0.31172,0.31840,0.31119,0.31620,37377,1689787800000
660,0.31648,0.32176,0.31607,0.32159,29871,1689789600000
661,0.32172,0.32504,0.31907,0.32472,34257,1689791400000
662,0.32485,0.32608,0.32270,0.32429,58776,1689793200000
663,0.32398,0.32570,0.32277,0.32404,30982,1689795000000
664,0.32408,0.32475,0.32219,0.32239,58240,1689796800000
665,0.32224,0.32350,0.32203,0.32208,35147,1689798600000
666,0.32207,0.32224,0.31950,0.32119,22713,1689800400000
667,0.32101,0.32591,0.32096,0.32490,26382,1689802200000
668,0.32476,0.32476,0.32120,0.32218,11796,1689804000000
669,0.32219,0.32239,0.32064,0.32170,13964,1689805800000
670,0.32134,0.32268,0.32048,0.32225,60656,1689807600000
671,0.32270,0.32525,0.32240,0.32260,80520,1689809400000
672,0.32264,0.33238,0.32251,0.32251,212144,1689811200000
673,0.32271,0.32579,0.32174,0.32500,82429,1689813000000
674,0.32504,0.32701,0.32433,0.32701,49988,1689814800000
675,0.32698,0.32917,0.32661,0.32822,108233,1689816600000
676,0.32804,0.33019,0.32781,0.32980,19531,1689818400000
677,0.32983,0.33179,0.32841,0.33099,23333,1689820200000
678,0.33103,0.33188,0.32788,0.32809,50314,1689822000000
679,0.32799,0.32862,0.32704,0.32769,16378,1689823800000
680,0.32788,0.32898,0.32635,0.32635,28073,1689825600000
681,0.32635,0.32758,0.32594,0.32625,8115,1689827400000
682,0.32635,0.32918,0.32622,0.32896,9186,1689829200000
683,0.32890,0.33029,0.32890,0.32967,30011,1689831000000
684,0.32967,0.32968,0.32736,0.32815,9030,1689832800000
685,0.32826,0.32827,0.32474,0.32522,12841,1689834600000
686,0.32516,0.32595,0.32426,0.32570,29334,1689836400000
687,0.32578,0.32589,0.32473,0.32536,13751,1689838200000
688,0.32557,0.32714,0.32519,0.32605,26546,1689840000000
689,0.32586,0.32670,0.32507,0.32534,16789,1689841800000
690,0.32548,0.32549,0.32274,0.32321,16701,1689843600000
691,0.32326,0.32490,0.32322,0.32490,6856,1689845400000
692,0.32478,0.32657,0.32430,0.32643,13181,1689847200000
693,0.32655,0.32769,0.32497,0.32567,23265,1689849000000
694,0.32573,0.32669,0.32515,0.32629,21818,1689850800000
695,0.32614,0.32656,0.32489,0.32543,39361,1689852600000
696,0.32530,0.32571,0.32341,0.32438,15075,1689854400000
697,0.32444,0.32575,0.32415,0.32466,12793,1689856200000
698,0.32469,0.32522,0.32339,0.32446,13209,1689858000000
699,0.32466,0.32779,0.32452,0.32724,35232,1689859800000
700,0.32747,0.32763,0.32293,0.32340,9098,1689861600000
701,0.32322,0.32351,0.31650,0.31937,43747,1689863400000
702,0.31910,0.32060,0.31840,0.32018,30593,1689865200000
703,0.32019,0.32019,0.31706,0.31775,35502,1689867000000
704,0.31747,0.31925,0.31608,0.31690,27232,1689868800000
705,0.31691,0.31713,0.31570,0.31634,3771,1689870600000
706,0.31644,0.31716,0.31591,0.31615,32948,1689872400000
707,0.31609,0.31710,0.31599,0.31615,14472,1689874200000
708,0.31619,0.31644,0.31338,0.31338,31497,1689876000000
709,0.31341,0.31584,0.31292,0.31533,25315,1689877800000
710,0.31539,0.31720,0.31539,0.31699,6890,1689879600000
711,0.31699,0.31740,0.31553,0.31665,9200,1689881400000
712,0.31665,0.31686,0.31474,0.31519,16725,1689883200000
713,0.31503,0.31579,0.31387,0.31579,3092,1689885000000
714,0.31572,0.31784,0.31561,0.31766,13085,1689886800000
715,0.31749,0.31862,0.31645,0.31862,46583,1689888600000
716,0.31862,0.31862,0.31679,0.31720,5485,1689890400000
717,0.31693,0.31759,0.31623,0.31698,15107,1689892200000
718,0.31700,0.31724,0.31624,0.31654,21486,1689894000000
719,0.31671,0.31671,0.31571,0.31599,42474,1689895800000
720,0.31600,0.31629,0.31413,0.31421,19051,1689897600000
721,0.31413,0.31509,0.31290,0.31419,10863,1689899400000
722,0.31402,0.31656,0.31350,0.31609,9963,1689901200000
723,0.31610,0.31632,0.31500,0.31578,8850,1689903000000
724,0.31588,0.31796,0.31515,0.31793,2152,1689904800000
725,0.31802,0.31802,0.31704,0.31774,3389,1689906600000
726,0.31774,0.31825,0.31700,0.31715,2323,1689908400000
727,0.31715,0.31718,0.31632,0.31679,10612,1689910200000
728,0.31692,0.31722,0.31545,0.31562,6156,1689912000000
729,0.31560,0.31645,0.31556,0.31560,1331,1689913800000
730,0.31564,0.31580,0.31401,0.31441,29501,1689915600000
731,0.31431,0.31490,0.31369,0.31390,8639,1689917400000
732,0.31388,0.31528,0.31351,0.31504,5893,1689919200000
733,0.31504,0.31513,0.31411,0.31455,1741,1689921000000
734,0.31454,0.31468,0.31352,0.31352,10375,1689922800000
735,0.31330,0.31333,0.31170,0.31188,40676,1689924600000
736,0.31179,0.31286,0.31162,0.31257,17828,1689926400000
737,0.31252,0.31259,0.31170,0.31182,12488,1689928200000
738,0.31191,0.31325,0.31122,0.31299,5064,1689930000000
739,0.31294,0.31298,0.31049,0.31058,2920,1689931800000
740,0.31056,0.31254,0.31056,0.31174,5576,1689933600000
741,0.31191,0.31284,0.31155,0.31180,18019,1689935400000
742,0.31183,0.31276,0.31155,0.31214,2581,1689937200000
743,0.31227,0.31317,0.31225,0.31316,5822,1689939000000
744,0.31318,0.31443,0.31310,0.31424,7350,1689940800000
745,0.31436,0.31501,0.31428,0.31482,44820,1689942600000
746,0.31483,0.31540,0.31405,0.31448,6339,1689944400000
747,0.31448,0.31519,0.31400,0.31411,5566,1689946200000
748,0.31417,0.31449,0.31335,0.31371,19149,1689948000000
749,0.31366,0.31485,0.31337,0.31484,6130,1689949800000
750,0.31496,0.31529,0.31401,0.31418,23576,1689951600000
751,0.31418,0.31447,0.31370,0.31381,12107,1689953400000
752,0.31386,0.31414,0.31258,0.31355,13530,1689955200000
753,0.31352,0.31402,0.31295,0.31372,2830,1689957000000
754,0.31378,0.31521,0.31342,0.31521,3999,1689958800000
755,0.31529,0.31597,0.31488,0.31588,6432,1689960600000
756,0.31581,0.31740,0.31564,0.31656,12006,1689962400000
757,0.31648,0.31698,0.31588,0.31593,13623,1689964200000
758,0.31585,0.31601,0.31190,0.31408,33291,1689966000000
759,0.31403,0.31454,0.31333,0.31421,22998,1689967800000
760,0.31398,0.31405,0.31300,0.31385,2950,1689969600000
761,0.31384,0.31389,0.31303,0.31347,22934,1689971400000
762,0.31338,0.31364,0.31221,0.31224,50330,1689973200000
763,0.31215,0.31288,0.31192,0.31253,25862,1689975000000
764,0.31252,0.31319,0.31239,0.31259,4484,1689976800000
765,0.31293,0.31429,0.31290,0.31309,19257,1689978600000
766,0.31329,0.31380,0.31306,0.31380,3093,1689980400000
767,0.31375,0.31382,0.31279,0.31286,1411,1689982200000
768,0.31287,0.31411,0.31273,0.31347,7228,1689984000000
769,0.31347,0.31489,0.31330,0.31465,7902,1689985800000
770,0.31464,0.31468,0.31311,0.31316,10131,1689987600000
771,0.31316,0.31317,0.31224,0.31226,41420,1689989400000
772,0.31238,0.31335,0.31220,0.31263,8493,1689991200000
773,0.31261,0.31402,0.31261,0.31360,2490,1689993000000
774,0.31370,0.31434,0.31312,0.31363,2676,1689994800000
775,0.31365,0.31418,0.31326,0.31332,1527,1689996600000
776,0.31328,0.31399,0.31313,0.31397,565,1689998400000
777,0.31409,0.31433,0.31291,0.31319,3921,1690000200000
778,0.31325,0.31348,0.31210,0.31226,2322,1690002000000
779,0.31214,0.31307,0.31207,0.31289,10951,1690003800000
780,0.31292,0.31296,0.31209,0.31222,2502,1690005600000
781,0.31222,0.31259,0.31212,0.31241,3111,1690007400000
782,0.31240,0.31294,0.31202,0.31292,3534,1690009200000
783,0.31290,0.31335,0.31240,0.31278,5990,1690011000000
784,0.31287,0.31371,0.31268,0.31338,1189,1690012800000
785,0.31336,0.31388,0.31305,0.31306,14660,1690014600000
786,0.31307,0.31307,0.31269,0.31278,2984,1690016400000
787,0.31282,0.31312,0.31125,0.31153,16558,1690018200000
788,0.31155,0.31155,0.30682,0.30926,98998,1690020000000
789,0.30901,0.31038,0.30899,0.31015,4434,1690021800000
790,0.31008,0.31151,0.30997,0.31127,3622,1690023600000
791,0.31119,0.31186,0.31100,0.31168,29434,1690025400000
792,0.31168,0.31255,0.31120,0.31247,28802,1690027200000
793,0.31250,0.31250,0.31110,0.31152,3080,1690029000000
794,0.31141,0.31200,0.31130,0.31158,17358,1690030800000
795,0.31157,0.31252,0.31139,0.31200,7121,1690032600000
796,0.31203,0.31308,0.31203,0.31213,12794,1690034400000
797,0.31220,0.31262,0.31194,0.31202,11720,1690036200000
798,0.31202,0.31262,0.31167,0.31223,8252,1690038000000
799,0.31237,0.31365,0.31213,0.31360,6488,1690039800000
800,0.31369,0.31370,0.31256,0.31280,6726,1690041600000
801,0.31286,0.31364,0.31286,0.31342,22778,1690043400000
802,0.31340,0.31372,0.31295,0.31371,2971,1690045200000
803,0.31352,0.31356,0.31212,0.31242,20987,1690047000000
804,0.31252,0.31276,0.31004,0.31106,17852,1690048800000
805,0.31092,0.31172,0.31055,0.31106,12495,1690050600000
806,0.31112,0.31218,0.31105,0.31116,22263,1690052400000
807,0.31134,0.31214,0.31046,0.31178,6992,1690054200000
808,0.31168,0.31341,0.31103,0.31295,35819,1690056000000
809,0.31284,0.31328,0.31186,0.31203,33228,1690057800000
810,0.31207,0.31256,0.31144,0.31221,6017,1690059600000
811,0.31213,0.31262,0.31195,0.31207,4645,1690061400000
812,0.31229,0.31284,0.31189,0.31210,5933,1690063200000
813,0.31217,0.31257,0.31125,0.31172,3951,1690065000000
814,0.31166,0.31167,0.30644,0.30727,22474,1690066800000
815,0.30717,0.31020,0.30668,0.31013,25803,1690068600000
816,0.31017,0.31026,0.30789,0.30998,16507,1690070400000
817,0.30972,0.30975,0.30736,0.30946,12013,1690072200000
818,0.30950,0.31429,0.30950,0.31306,47428,1690074000000
819,0.31248,0.31418,0.31248,0.31394,14305,1690075800000
820,0.31395,0.31746,0.31295,0.31657,25964,1690077600000
821,0.31660,0.31721,0.31466,0.31478,3835,1690079400000
822,0.31488,0.31551,0.31452,0.31520,3303,1690081200000
823,0.31508,0.31615,0.31503,0.31506,11361,1690083000000
824,0.31500,0.31586,0.31488,0.31488,7037,1690084800000
825,0.31499,0.31631,0.31492,0.31560,11424,1690086600000
826,0.31551,0.31664,0.31503,0.31646,7950,1690088400000
827,0.31650,0.31650,0.31512,0.31625,9308,1690090200000
828,0.31656,0.31664,0.31500,0.31501,10758,1690092000000
829,0.31500,0.31539,0.31427,0.31444,7328,1690093800000
830,0.31453,0.31519,0.31433,0.31518,2269,1690095600000
831,0.31543,0.31598,0.31490,0.31587,2414,1690097400000
832,0.31587,0.31651,0.31534,0.31610,17154,1690099200000
833,0.31611,0.31687,0.31577,0.31637,5040,1690101000000
834,0.31625,0.31664,0.31582,0.31610,5091,1690102800000
835,0.31600,0.31620,0.31513,0.31523,12221,1690104600000
836,0.31525,0.31657,0.31525,0.31617,17090,1690106400000
837,0.31625,0.31625,0.31488,0.31533,17308,1690108200000
838,0.31533,0.31546,0.31473,0.31489,3994,1690110000000
839,0.31489,0.31526,0.31434,0.31454,3428,1690111800000
840,0.31463,0.31525,0.31433,0.31446,13191,1690113600000
841,0.31446,0.31462,0.31367,0.31416,5851,1690115400000
842,0.31440,0.31478,0.31367,0.31445,3992,1690117200000
843,0.31452,0.31603,0.31427,0.31495,4554,1690119000000
844,0.31494,0.31527,0.31403,0.31442,18129,1690120800000
845,0.31450,0.31495,0.31416,0.31465,6990,1690122600000
846,0.31474,0.31516,0.31464,0.31499,2208,1690124400000
847,0.31491,0.31515,0.31404,0.31456,3130,1690126200000
848,0.31453,0.31581,0.31417,0.31562,6639,1690128000000
849,0.31567,0.31634,0.31548,0.31561,26945,1690129800000
850,0.31562,0.31660,0.31561,0.31628,10056,1690131600000
851,0.31627,0.31762,0.31600,0.31762,3651,1690133400000
852,0.31762,0.31831,0.31707,0.31810,61087,1690135200000
853,0.31799,0.31825,0.31726,0.31805,8459,1690137000000
854,0.31826,0.31896,0.31738,0.31765,76389,1690138800000
855,0.31764,0.31787,0.31550,0.31635,23621,1690140600000
856,0.31666,0.31708,0.31647,0.31674,10687,1690142400000
857,0.31665,0.31764,0.31655,0.31760,3409,1690144200000
858,0.31764,0.31776,0.31659,0.31686,2374,1690146000000
859,0.31672,0.31672,0.31518,0.31524,5114,1690147800000
860,0.31523,0.31604,0.31510,0.31598,7057,1690149600000
861,0.31598,0.31623,0.31521,0.31535,6536,1690151400000
862,0.31532,0.31725,0.31532,0.31709,6847,1690153200000
863,0.31703,0.31735,0.31653,0.31707,10333,1690155000000
864,0.31707,0.31737,0.31656,0.31729,5514,1690156800000
865,0.31722,0.31904,0.31703,0.31748,8767,1690158600000
866,0.31738,0.31752,0.31540,0.31558,5776,1690160400000
867,0.31541,0.31567,0.31381,0.31456,36505,1690162200000
868,0.31456,0.31474,0.31197,0.31315,11610,1690164000000
869,0.31309,0.31359,0.31251,0.31288,10690,1690165800000
870,0.31281,0.31342,0.31239,0.31320,7974,1690167600000
871,0.31325,0.31338,0.31175,0.31210,95550,1690169400000
872,0.31198,0.31198,0.30992,0.31187,23163,1690171200000
873,0.31196,0.31301,0.31196,0.31301,9256,1690173000000
874,0.31298,0.31384,0.31281,0.31384,7314,1690174800000
875,0.31384,0.31415,0.31335,0.31415,7492,1690176600000
876,0.31413,0.31437,0.31300,0.31305,6727,1690178400000
877,0.31306,0.31345,0.31265,0.31265,4526,1690180200000
878,0.31277,0.31412,0.31251,0.31396,6064,1690182000000
879,0.31388,0.31530,0.31342,0.31512,16708,1690183800000
880,0.31489,0.31498,0.31414,0.31498,11942,1690185600000
881,0.31502,0.31502,0.31341,0.31359,3746,1690187400000
882,0.31361,0.31416,0.31342,0.31390,852,1690189200000
883,0.31407,0.31421,0.29948,0.30459,203579,1690191000000
884,0.30432,0.30774,0.30338,0.30665,8373,1690192800000
885,0.30665,0.30758,0.30580,0.30753,10320,1690194600000
886,0.30758,0.30837,0.30733,0.30761,16474,1690196400000
887,0.30780,0.30825,0.30594,0.30624,37893,1690198200000
888,0.30605,0.30757,0.30509,0.30634,30679,1690200000000
889,0.30617,0.30753,0.30585,0.30693,19936,1690201800000
890,0.30698,0.30760,0.30647,0.30711,28384,1690203600000
891,0.30712,0.30750,0.30548,0.30721,23554,1690205400000
892,0.30716,0.30746,0.30514,0.30524,36866,1690207200000
893,0.30521,0.30540,0.30308,0.30310,19206,1690209000000
894,0.30298,0.30409,0.30025,0.30376,52735,1690210800000
895,0.30380,0.30381,0.30159,0.30262,17921,1690212600000
896,0.30252,0.30285,0.30055,0.30141,21602,1690214400000
897,0.30122,0.30364,0.30113,0.30364,23057,1690216200000
898,0.30346,0.30374,0.30236,0.30314,14335,1690218000000
899,0.30311,0.30426,0.30264,0.30374,23682,1690219800000
900,0.30382,0.30402,0.30311,0.30393,5907,1690221600000
901,0.30396,0.30590,0.30396,0.30538,15408,1690223400000
902,0.30548,0.30578,0.30468,0.30468,5923,1690225200000
903,0.30468,0.30477,0.30314,0.30315,4049,1690227000000
904,0.30325,0.30430,0.30325,0.30354,3652,1690228800000
905,0.30354,0.30448,0.30259,0.30434,6141,1690230600000
906,0.30439,0.30597,0.30399,0.30590,12216,1690232400000
907,0.30591,0.30628,0.30492,0.30564,3712,1690234200000
908,0.30566,0.30614,0.30446,0.30446,10945,1690236000000
909,0.30428,0.30519,0.30404,0.30503,11046,1690237800000
910,0.30500,0.30554,0.30486,0.30549,10516,1690239600000
911,0.30558,0.30561,0.30494,0.30525,7742,1690241400000
912,0.30525,0.30595,0.30460,0.30572,7541,1690243200000
913,0.30578,0.30590,0.30363,0.30426,1156,1690245000000
914,0.30450,0.30450,0.30359,0.30434,6449,1690246800000
915,0.30449,0.30477,0.30363,0.30394,44399,1690248600000
916,0.30397,0.30500,0.30382,0.30433,137959,1690250400000
917,0.30434,0.30598,0.30434,0.30462,4529,1690252200000
918,0.30476,0.30486,0.30271,0.30304,13263,1690254000000
919,0.30302,0.30314,0.30256,0.30285,9952,1690255800000
920,0.30301,0.30393,0.30268,0.30274,6713,1690257600000
921,0.30284,0.30344,0.30246,0.30277,10039,1690259400000
922,0.30289,0.30389,0.30267,0.30389,3067,1690261200000
923,0.30380,0.30504,0.30380,0.30443,32878,1690263000000
924,0.30442,0.30456,0.30332,0.30359,6004,1690264800000
925,0.30368,0.30385,0.30244,0.30363,1922,1690266600000
926,0.30383,0.30433,0.30323,0.30433,4313,1690268400000
927,0.30441,0.30451,0.30222,0.30335,1807,1690270200000
928,0.30349,0.30382,0.30262,0.30362,5241,1690272000000
929,0.30373,0.30502,0.30340,0.30502,5331,1690273800000
930,0.30512,0.30552,0.30433,0.30552,27969,1690275600000
931,0.30565,0.30650,0.30523,0.30539,71240,1690277400000
932,0.30524,0.30536,0.30470,0.30521,5488,1690279200000
933,0.30530,0.30530,0.30408,0.30413,8565,1690281000000
934,0.30413,0.30442,0.30337,0.30361,22940,1690282800000
935,0.30362,0.30431,0.30315,0.30317,7068,1690284600000
936,0.30316,0.30450,0.30297,0.30448,4740,1690286400000
937,0.30422,0.30430,0.30299,0.30377,23464,1690288200000
938,0.30366,0.30425,0.30270,0.30275,3076,1690290000000
939,0.30270,0.30605,0.30270,0.30605,31661,1690291800000
940,0.30625,0.30766,0.30573,0.30578,7282,1690293600000
941,0.30578,0.30578,0.30335,0.30378,9814,1690295400000
942,0.30375,0.30488,0.30365,0.30452,5489,1690297200000
943,0.30452,0.30473,0.30384,0.30434,4472,1690299000000
944,0.30434,0.30569,0.30403,0.30465,20481,1690300800000
945,0.30465,0.30536,0.30400,0.30463,23829,1690302600000
946,0.30434,0.30501,0.30334,0.30479,5786,1690304400000
947,0.30473,0.30505,0.30380,0.30491,21113,1690306200000
948,0.30498,0.30534,0.30450,0.30507,5494,1690308000000
949,0.30508,0.30546,0.30400,0.30401,7181,1690309800000
950,0.30401,0.30438,0.30377,0.30398,10014,1690311600000
951,0.30374,0.30391,0.30287,0.30289,3269,1690313400000
952,0.30291,0.30349,0.30163,0.30184,19857,1690315200000
953,0.30217,0.30293,0.30200,0.30287,13603,1690317000000
954,0.30295,0.30390,0.30290,0.30378,2080,1690318800000
955,0.30388,0.30394,0.30332,0.30361,16283,1690320600000
956,0.30381,0.30445,0.30377,0.30385,13471,1690322400000
957,0.30387,0.30485,0.30387,0.30428,16551,1690324200000
958,0.30399,0.30475,0.30354,0.30385,3195,1690326000000
959,0.30373,0.30429,0.30353,0.30353,9747,1690327800000
960,0.30370,0.30412,0.30274,0.30342,5647,1690329600000
961,0.30321,0.30327,0.30215,0.30282,13608,1690331400000
962,0.30293,0.30343,0.30221,0.30250,3043,1690333200000
963,0.30253,0.30276,0.30100,0.30213,10321,1690335000000
964,0.30215,0.30253,0.30097,0.30207,5276,1690336800000
965,0.30207,0.30377,0.30116,0.30363,11749,1690338600000
966,0.30363,0.30523,0.30358,0.30399,2449,1690340400000
967,0.30399,0.30399,0.30326,0.30355,484,1690342200000
968,0.30346,0.30346,0.30256,0.30272,6719,1690344000000
969,0.30283,0.30319,0.30172,0.30192,9714,1690345800000
970,0.30190,0.30226,0.30146,0.30169,12137,1690347600000
971,0.30169,0.30351,0.30112,0.30319,46914,1690349400000
972,0.30323,0.30345,0.30241,0.30254,14212,1690351200000
973,0.30243,0.30296,0.30090,0.30113,13696,1690353000000
974,0.30105,0.30196,0.30103,0.30155,2989,1690354800000
975,0.30147,0.30196,0.30121,0.30179,3398,1690356600000
976,0.30175,0.30230,0.30175,0.30229,2517,1690358400000
977,0.30230,0.30294,0.30203,0.30203,2012,1690360200000
978,0.30201,0.30267,0.30144,0.30148,7122,1690362000000
979,0.30136,0.30159,0.30049,0.30121,15090,1690363800000
980,0.30126,0.30142,0.30049,0.30111,13544,1690365600000
981,0.30113,0.30202,0.30103,0.30112,1991,1690367400000
982,0.30120,0.30161,0.30110,0.30135,4609,1690369200000
983,0.30131,0.30161,0.30087,0.30123,7674,1690371000000
984,0.30125,0.30245,0.30077,0.30245,4731,1690372800000
985,0.30245,0.30261,0.30193,0.30261,3984,1690374600000
986,0.30259,0.30367,0.30255,0.30262,7463,1690376400000
987,0.30260,0.30312,0.30186,0.30271,4745,1690378200000
988,0.30272,0.30409,0.30240,0.30362,13443,1690380000000
989,0.30366,0.30464,0.30355,0.30416,2064,1690381800000
990,0.30416,0.30486,0.30397,0.30443,4489,1690383600000
991,0.30439,0.30566,0.30435,0.30565,5934,1690385400000
992,0.30562,0.30604,0.30415,0.30439,5531,1690387200000
993,0.30432,0.30510,0.30432,0.30438,5581,1690389000000
994,0.30446,0.30518,0.30339,0.30339,2859,1690390800000
995,0.30347,0.30480,0.30328,0.30361,21420,1690392600000
996,0.30361,0.30881,0.30361,0.30586,13412,1690394400000
997,0.30601,0.30937,0.30566,0.30699,11553,1690396200000
998,0.30725,0.30732,0.30311,0.30706,129913,1690398000000
999,0.30693,0.30744,0.30613,0.30730,25232,1690399800000
1000,0.30730,0.30950,0.30699,0.30788,8236,1690401600000
1001,0.30774,0.31019,0.30774,0.30874,8141,1690403400000
1002,0.30885,0.31057,0.30859,0.30862,12806,1690405200000
1003,0.30849,0.30922,0.30720,0.30733,8445,1690407000000
1004,0.30739,0.30769,0.30653,0.30654,12376,1690408800000
1005,0.30666,0.30723,0.30623,0.30723,5092,1690410600000
1006,0.30733,0.30818,0.30647,0.30703,3918,1690412400000
1007,0.30704,0.30704,0.30577,0.30684,2553,1690414200000
1008,0.30696,0.30717,0.30567,0.30686,2197,1690416000000
1009,0.30677,0.30707,0.30566,0.30643,17769,1690417800000
1010,0.30617,0.30780,0.30560,0.30766,7298,1690419600000
1011,0.30765,0.30841,0.30713,0.30826,42556,1690421400000
1012,0.30830,0.30831,0.30741,0.30758,3815,1690423200000
1013,0.30760,0.30962,0.30760,0.30962,23832,1690425000000
1014,0.30967,0.31026,0.30929,0.31025,16842,1690426800000
1015,0.31008,0.31106,0.30985,0.30998,3026,1690428600000
1016,0.31020,0.31199,0.31020,0.31199,5762,1690430400000
1017,0.31194,0.31314,0.31187,0.31203,2434,1690432200000
1018,0.31216,0.31319,0.31161,0.31261,2150,1690434000000
1019,0.31260,0.31323,0.31179,0.31219,28099,1690435800000
1020,0.31210,0.31257,0.31123,0.31125,4838,1690437600000
1021,0.31124,0.31145,0.31029,0.31034,839,1690439400000
1022,0.31044,0.31095,0.31025,0.31085,492,1690441200000
1023,0.31086,0.31156,0.31048,0.31089,6198,1690443000000
1024,0.31085,0.31248,0.31032,0.31238,2137,1690444800000
1025,0.31218,0.31228,0.31130,0.31178,2263,1690446600000
1026,0.31197,0.31332,0.31188,0.31299,10237,1690448400000
1027,0.31304,0.31322,0.31220,0.31233,14267,1690450200000
1028,0.31245,0.31253,0.31123,0.31126,4263,1690452000000
1029,0.31120,0.31124,0.31029,0.31041,5343,1690453800000
1030,0.31051,0.31104,0.31024,0.31052,3928,1690455600000
1031,0.31064,0.31117,0.31055,0.31076,2293,1690457400000
1032,0.31074,0.31130,0.31030,0.31047,2269,1690459200000
1033,0.31047,0.31091,0.30965,0.30986,5943,1690461000000
1034,0.30982,0.30990,0.30885,0.30946,8171,1690462800000
1035,0.30948,0.31016,0.30895,0.30948,6127,1690464600000
1036,0.30936,0.30948,0.30826,0.30838,3402,1690466400000
1037,0.30823,0.30887,0.30707,0.30826,4257,1690468200000
1038,0.30832,0.30854,0.30666,0.30854,5135,1690470000000
1039,0.30854,0.30991,0.30815,0.30865,9939,1690471800000
1040,0.30864,0.30941,0.30834,0.30891,5188,1690473600000
1041,0.30874,0.30982,0.30874,0.30925,11763,1690475400000
1042,0.30921,0.30944,0.30784,0.30885,12953,1690477200000
1043,0.30887,0.30897,0.30829,0.30835,5410,1690479000000
1044,0.30818,0.30868,0.30723,0.30723,8946,1690480800000
1045,0.30709,0.30716,0.30544,0.30637,8482,1690482600000
1046,0.30625,0.30719,0.30614,0.30649,3692,1690484400000
1047,0.30649,0.30711,0.30560,0.30710,3224,1690486200000
1048,0.30715,0.30771,0.30674,0.30680,29530,1690488000000
1049,0.30686,0.30724,0.30655,0.30708,7551,1690489800000
1050,0.30715,0.30741,0.30702,0.30719,1929,1690491600000
1051,0.30713,0.30834,0.30713,0.30799,3004,1690493400000
1052,0.30800,0.30848,0.30764,0.30765,2801,1690495200000
1053,0.30759,0.30789,0.30682,0.30707,13380,1690497000000
1054,0.30697,0.30750,0.30654,0.30724,17603,1690498800000
1055,0.30723,0.30784,0.30717,0.30778,3946,1690500600000
1056,0.30784,0.30923,0.30752,0.30923,22487,1690502400000
1057,0.30945,0.31055,0.30889,0.31016,26989,1690504200000
1058,0.31005,0.31077,0.30935,0.30955,13099,1690506000000
1059,0.30949,0.30993,0.30921,0.30953,1248,1690507800000
1060,0.30951,0.31007,0.30902,0.30911,2336,1690509600000
1061,0.30915,0.30922,0.30793,0.30867,6272,1690511400000
1062,0.30855,0.30915,0.30844,0.30888,1093,1690513200000
1063,0.30901,0.30917,0.30786,0.30826,3072,1690515000000
1064,0.30843,0.30874,0.30801,0.30809,654,1690516800000
1065,0.30824,0.30884,0.30814,0.30882,3956,1690518600000
1066,0.30891,0.30902,0.30789,0.30819,13638,1690520400000
1067,0.30826,0.30831,0.30632,0.30689,4047,1690522200000
1068,0.30696,0.30747,0.30660,0.30741,1646,1690524000000
1069,0.30741,0.30792,0.30714,0.30777,1143,1690525800000
1070,0.30779,0.30870,0.30751,0.30870,2289,1690527600000
1071,0.30858,0.30867,0.30784,0.30794,2612,1690529400000
1072,0.30796,0.30907,0.30719,0.30903,2514,1690531200000
1073,0.30901,0.31095,0.30901,0.30962,12146,1690533000000
1074,0.30975,0.31010,0.30882,0.30897,8022,1690534800000
1075,0.30901,0.31220,0.30901,0.31154,53177,1690536600000
1076,0.31158,0.31204,0.31104,0.31159,2012,1690538400000
1077,0.31142,0.31212,0.31118,0.31137,2858,1690540200000
1078,0.31148,0.31175,0.31088,0.31106,6442,1690542000000
1079,0.31100,0.31174,0.31080,0.31104,17386,1690543800000
1080,0.31095,0.31226,0.31095,0.31168,10172,1690545600000
1081,0.31151,0.31220,0.31097,0.31149,1928,1690547400000
1082,0.31152,0.31152,0.31037,0.31060,7025,1690549200000
1083,0.31055,0.31130,0.31015,0.31100,4697,1690551000000
1084,0.31110,0.31242,0.31045,0.31236,9698,1690552800000
1085,0.31261,0.31328,0.31155,0.31260,20670,1690554600000
1086,0.31280,0.31287,0.31167,0.31186,25086,1690556400000
1087,0.31189,0.31189,0.31051,0.31096,30451,1690558200000
1088,0.31094,0.31172,0.31043,0.31172,5317,1690560000000
1089,0.31173,0.31198,0.31140,0.31146,2533,1690561800000
1090,0.31146,0.31158,0.31043,0.31089,11587,1690563600000
1091,0.31092,0.31092,0.30954,0.31047,4860,1690565400000
1092,0.31035,0.31089,0.31024,0.31065,8427,1690567200000
1093,0.31063,0.31105,0.31035,0.31089,5591,1690569000000
1094,0.31095,0.31144,0.31085,0.31113,4960,1690570800000
1095,0.31108,0.31151,0.31082,0.31124,7336,1690572600000
1096,0.31110,0.31137,0.31075,0.31120,2514,1690574400000
1097,0.31116,0.31162,0.31092,0.31148,26948,1690576200000
1098,0.31132,0.31146,0.31081,0.31121,15673,1690578000000
1099,0.31122,0.31122,0.31065,0.31065,1394,1690579800000
1100,0.31062,0.31070,0.31026,0.31042,5474,1690581600000
1101,0.31033,0.31071,0.31018,0.31034,2973,1690583400000
1102,0.31041,0.31096,0.31030,0.31073,3613,1690585200000
1103,0.31060,0.31060,0.30971,0.30982,6307,1690587000000
1104,0.30988,0.31030,0.30942,0.31016,1774,1690588800000
1105,0.31013,0.31103,0.31010,0.31072,2868,1690590600000
1106,0.31069,0.31082,0.31036,0.31047,3437,1690592400000
1107,0.31041,0.31181,0.31035,0.31128,3895,1690594200000
1108,0.31129,0.31157,0.31110,0.31150,1005,1690596000000
1109,0.31150,0.31178,0.31116,0.31148,3131,1690597800000
1110,0.31148,0.31178,0.31096,0.31108,4021,1690599600000
1111,0.31115,0.31154,0.31060,0.31122,5566,1690601400000
1112,0.31122,0.31201,0.31117,0.31183,3599,1690603200000
1113,0.31177,0.31342,0.31126,0.31197,5999,1690605000000
1114,0.31192,0.31310,0.31134,0.31166,4145,1690606800000
1115,0.31169,0.31169,0.31084,0.31146,704,1690608600000
1116,0.31129,0.31138,0.31087,0.31100,1012,1690610400000
1117,0.31098,0.31099,0.31040,0.31098,2457,1690612200000
1118,0.31090,0.31143,0.31086,0.31093,1252,1690614000000
1119,0.31093,0.31132,0.31069,0.31086,2755,1690615800000
1120,0.31066,0.31118,0.31056,0.31095,1303,1690617600000
1121,0.31096,0.31098,0.30994,0.31013,2158,1690619400000
1122,0.31013,0.31093,0.30983,0.31089,5607,1690621200000
1123,0.31088,0.31088,0.30931,0.30990,7896,1690623000000
1124,0.30989,0.30989,0.30881,0.30917,9330,1690624800000
1125,0.30920,0.30922,0.30888,0.30914,4237,1690626600000
1126,0.30913,0.30996,0.30904,0.30962,765,1690628400000
1127,0.30963,0.30970,0.30892,0.30894,1475,1690630200000
1128,0.30902,0.31034,0.30891,0.31030,19831,1690632000000
1129,0.31033,0.31039,0.30984,0.31024,2386,1690633800000
1130,0.31022,0.31096,0.31022,0.31062,9985,1690635600000
1131,0.31058,0.31072,0.31004,0.31033,18114,1690637400000
1132,0.31035,0.31093,0.31025,0.31031,1213,1690639200000
1133,0.31044,0.31065,0.30970,0.31018,14753,1690641000000
1134,0.31053,0.31116,0.31037,0.31053,9195,1690642800000
1135,0.31050,0.31103,0.31046,0.31074,6339,1690644600000
1136,0.31072,0.31095,0.31037,0.31037,7132,1690646400000
1137,0.31036,0.31105,0.31028,0.31091,5610,1690648200000
1138,0.31090,0.31146,0.31085,0.31142,2391,1690650000000
1139,0.31146,0.31285,0.31133,0.31273,9383,1690651800000
1140,0.31278,0.31284,0.31172,0.31279,9323,1690653600000
1141,0.31263,0.31293,0.31181,0.31219,3456,1690655400000
1142,0.31215,0.31290,0.31215,0.31250,3772,1690657200000
1143,0.31255,0.31295,0.31232,0.31270,5982,1690659000000
1144,0.31280,0.31450,0.31273,0.31404,8569,1690660800000
1145,0.31401,0.31401,0.31284,0.31284,8979,1690662600000
1146,0.31294,0.31325,0.31234,0.31258,4723,1690664400000
1147,0.31271,0.31286,0.31205,0.31216,21139,1690666200000
1148,0.31220,0.31270,0.31211,0.31213,4716,1690668000000
1149,0.31222,0.31257,0.31199,0.31250,11775,1690669800000
1150,0.31251,0.31312,0.31239,0.31274,5414,1690671600000
1151,0.31275,0.31315,0.31246,0.31291,4038,1690673400000
1152,0.31309,0.31332,0.31210,0.31233,3342,1690675200000
1153,0.31225,0.31309,0.31201,0.31309,2089,1690677000000
1154,0.31306,0.31368,0.31286,0.31368,488,1690678800000
1155,0.31368,0.31379,0.31298,0.31315,5717,1690680600000
1156,0.31309,0.31395,0.31308,0.31358,3726,1690682400000
1157,0.31356,0.31396,0.31328,0.31338,400,1690684200000
1158,0.31339,0.31389,0.31326,0.31353,14119,1690686000000
1159,0.31353,0.31394,0.31310,0.31372,1827,1690687800000
1160,0.31370,0.31570,0.31349,0.31558,10755,1690689600000
1161,0.31579,0.31660,0.31501,0.31607,2715,1690691400000
1162,0.31617,0.31733,0.31549,0.31718,4686,1690693200000
1163,0.31714,0.31814,0.31714,0.31735,5434,1690695000000
1164,0.31744,0.31776,0.31615,0.31617,3182,1690696800000
1165,0.31625,0.31638,0.31518,0.31538,11532,1690698600000
1166,0.31537,0.31579,0.31525,0.31537,6233,1690700400000
1167,0.31510,0.31520,0.31458,0.31477,3254,1690702200000
1168,0.31470,0.31538,0.31470,0.31509,2075,1690704000000
1169,0.31509,0.31557,0.31469,0.31557,1228,1690705800000
1170,0.31551,0.31559,0.31494,0.31496,4946,1690707600000
1171,0.31488,0.31499,0.31432,0.31455,8717,1690709400000
1172,0.31458,0.31608,0.31456,0.31568,9489,1690711200000
1173,0.31559,0.31590,0.31419,0.31446,1834,1690713000000
1174,0.31449,0.31571,0.31439,0.31450,2213,1690714800000
1175,0.31442,0.31483,0.31413,0.31448,1073,1690716600000
1176,0.31449,0.31449,0.31390,0.31401,2456,1690718400000
1177,0.31403,0.31416,0.31372,0.31387,6893,1690720200000
1178,0.31390,0.31403,0.31303,0.31303,1700,1690722000000
1179,0.31302,0.31322,0.31215,0.31260,2480,1690723800000
1180,0.31261,0.31386,0.31246,0.31386,3117,1690725600000
1181,0.31365,0.31529,0.31319,0.31500,7334,1690727400000
1182,0.31497,0.31589,0.31454,0.31512,6892,1690729200000
1183,0.31520,0.31539,0.31353,0.31397,1184,1690731000000
1184,0.31405,0.31491,0.31370,0.31446,1122,1690732800000
1185,0.31426,0.31426,0.31329,0.31418,4706,1690734600000
1186,0.31411,0.31492,0.31378,0.31492,3550,1690736400000
1187,0.31480,0.31512,0.31440,0.31512,7102,1690738200000
1188,0.31506,0.31517,0.31445,0.31453,7826,1690740000000
1189,0.31444,0.31464,0.31391,0.31392,6989,1690741800000
1190,0.31393,0.31423,0.31304,0.31325,6901,1690743600000
1191,0.31332,0.31366,0.30791,0.30904,125373,1690745400000
1192,0.30873,0.30950,0.30500,0.30943,18138,1690747200000
1193,0.30915,0.31144,0.30895,0.31144,8369,1690749000000
1194,0.31113,0.31127,0.31022,0.31094,2383,1690750800000
1195,0.31084,0.31120,0.31054,0.31100,2888,1690752600000
1196,0.31092,0.31092,0.30995,0.31026,2273,1690754400000
1197,0.31007,0.31105,0.30997,0.31077,11433,1690756200000
1198,0.31087,0.31326,0.31087,0.31326,6091,1690758000000
1199,0.31327,0.31593,0.31322,0.31551,10271,1690759800000
1200,0.31578,0.31578,0.31395,0.31460,4000,1690761600000
1201,0.31442,0.31723,0.31371,0.31713,7655,1690763400000
1202,0.31747,0.31882,0.31532,0.31532,10350,1690765200000
1203,0.31523,0.31612,0.31486,0.31600,10667,1690767000000
1204,0.31619,0.31662,0.31521,0.31658,9674,1690768800000
1205,0.31645,0.31697,0.31605,0.31605,9454,1690770600000
1206,0.31612,0.31625,0.31528,0.31532,5030,1690772400000
1207,0.31521,0.31547,0.31469,0.31492,27962,1690774200000
1208,0.31502,0.31553,0.31393,0.31393,6555,1690776000000
1209,0.31370,0.31389,0.31280,0.31304,10244,1690777800000
1210,0.31300,0.31394,0.31291,0.31378,3234,1690779600000
1211,0.31378,0.31433,0.31242,0.31258,23525,1690781400000
1212,0.31251,0.31300,0.31160,0.31271,13304,1690783200000
1213,0.31272,0.31322,0.31228,0.31302,6040,1690785000000
1214,0.31308,0.31335,0.31276,0.31307,11128,1690786800000
1215,0.31308,0.31346,0.31237,0.31253,3517,1690788600000
1216,0.31253,0.31385,0.31245,0.31385,4345,1690790400000
1217,0.31396,0.31412,0.31308,0.31411,12175,1690792200000
1218,0.31413,0.31438,0.31267,0.31281,3246,1690794000000
1219,0.31283,0.31312,0.31261,0.31300,3274,1690795800000
1220,0.31312,0.31323,0.31274,0.31323,4457,1690797600000
1221,0.31314,0.31314,0.31272,0.31282,3214,1690799400000
1222,0.31292,0.31328,0.31280,0.31296,5173,1690801200000
1223,0.31295,0.31344,0.31287,0.31331,977,1690803000000
1224,0.31340,0.31349,0.31282,0.31317,5794,1690804800000
1225,0.31336,0.31510,0.31336,0.31510,32307,1690806600000
1226,0.31510,0.31510,0.31399,0.31399,3933,1690808400000
1227,0.31392,0.31400,0.31026,0.31186,16652,1690810200000
1228,0.31176,0.31241,0.31096,0.31180,16036,1690812000000
1229,0.31183,0.31298,0.31097,0.31277,14793,1690813800000
1230,0.31285,0.31342,0.31190,0.31231,14609,1690815600000
1231,0.31231,0.31245,0.31099,0.31156,4194,1690817400000
1232,0.31147,0.31200,0.31051,0.31188,8093,1690819200000
1233,0.31168,0.31229,0.31168,0.31176,20202,1690821000000
1234,0.31176,0.31195,0.31127,0.31140,30235,1690822800000
1235,0.31140,0.31281,0.31118,0.31206,11649,1690824600000
1236,0.31202,0.31203,0.31019,0.31084,10228,1690826400000
1237,0.31089,0.31117,0.31060,0.31060,6566,1690828200000
1238,0.31063,0.31100,0.31009,0.31079,4002,1690830000000
1239,0.31079,0.31134,0.30811,0.30938,28998,1690831800000
1240,0.30878,0.31003,0.30741,0.31003,6493,1690833600000
1241,0.31003,0.31022,0.30757,0.30880,26768,1690835400000
1242,0.30881,0.30969,0.30733,0.30803,30698,1690837200000
1243,0.30794,0.30816,0.30691,0.30739,5477,1690839000000
1244,0.30710,0.30793,0.30653,0.30763,1880,1690840800000
1245,0.30757,0.30757,0.30659,0.30703,3282,1690842600000
1246,0.30712,0.30789,0.30681,0.30741,5403,1690844400000
1247,0.30738,0.30815,0.30713,0.30713,60127,1690846200000
1248,0.30722,0.30730,0.30595,0.30730,62263,1690848000000
1249,0.30708,0.30824,0.30708,0.30804,1434,1690849800000
1250,0.30804,0.30827,0.30674,0.30674,15363,1690851600000
1251,0.30667,0.30673,0.30344,0.30469,23808,1690853400000
1252,0.30475,0.30508,0.29523,0.30039,180266,1690855200000
1253,0.30025,0.30161,0.30025,0.30144,28067,1690857000000
1254,0.30138,0.30179,0.30074,0.30127,7143,1690858800000
1255,0.30119,0.30211,0.30075,0.30150,2735,1690860600000
1256,0.30157,0.30157,0.30085,0.30110,9969,1690862400000
1257,0.30103,0.30188,0.30076,0.30109,16914,1690864200000
1258,0.30120,0.30221,0.30106,0.30201,6230,1690866000000
1259,0.30202,0.30546,0.30202,0.30478,68524,1690867800000
1260,0.30469,0.30479,0.30376,0.30452,9233,1690869600000
1261,0.30465,0.30580,0.30447,0.30476,15837,1690871400000
1262,0.30475,0.30576,0.30444,0.30538,8999,1690873200000
1263,0.30519,0.30578,0.30478,0.30481,10245,1690875000000
1264,0.30481,0.30557,0.30451,0.30539,50440,1690876800000
1265,0.30531,0.30591,0.30491,0.30591,24487,1690878600000
1266,0.30592,0.30592,0.30486,0.30506,7336,1690880400000
1267,0.30499,0.30537,0.30466,0.30489,4674,1690882200000
1268,0.30489,0.30506,0.30457,0.30473,8448,1690884000000
1269,0.30473,0.30532,0.30473,0.30508,2181,1690885800000
1270,0.30507,0.30562,0.30488,0.30498,5072,1690887600000
1271,0.30492,0.30657,0.30409,0.30457,12757,1690889400000
1272,0.30485,0.30485,0.30334,0.30352,8071,1690891200000
1273,0.30366,0.30624,0.30343,0.30497,7006,1690893000000
1274,0.30498,0.30555,0.30482,0.30506,30586,1690894800000
1275,0.30502,0.30535,0.30475,0.30487,140741,1690896600000
1276,0.30486,0.30541,0.30392,0.30501,36423,1690898400000
1277,0.30519,0.30545,0.30341,0.30400,15574,1690900200000
1278,0.30396,0.30396,0.30296,0.30311,26865,1690902000000
1279,0.30303,0.30554,0.29985,0.30515,167524,1690903800000
1280,0.30516,0.30681,0.30460,0.30460,17601,1690905600000
1281,0.30474,0.30478,0.30350,0.30417,6484,1690907400000
1282,0.30433,0.30514,0.30430,0.30467,14413,1690909200000
1283,0.30470,0.30506,0.30440,0.30443,18103,1690911000000
1284,0.30446,0.30643,0.30446,0.30578,10341,1690912800000
1285,0.30582,0.30717,0.30570,0.30717,14154,1690914600000
1286,0.30712,0.30780,0.30617,0.30651,9279,1690916400000
1287,0.30656,0.30687,0.30586,0.30647,6558,1690918200000
1288,0.30663,0.30704,0.30584,0.30599,11955,1690920000000
1289,0.30603,0.30699,0.30591,0.30672,2953,1690921800000
1290,0.30671,0.30730,0.30659,0.30717,25201,1690923600000
1291,0.30730,0.30776,0.30639,0.30681,6315,1690925400000
1292,0.30675,0.30741,0.30633,0.30709,3587,1690927200000
1293,0.30714,0.30722,0.30657,0.30657,22950,1690929000000
1294,0.30663,0.30929,0.30663,0.30878,31636,1690930800000
1295,0.30899,0.31044,0.30899,0.31026,35015,1690932600000
1296,0.31051,0.31194,0.31043,0.31075,16192,1690934400000
1297,0.31057,0.31057,0.30922,0.30930,12969,1690936200000
1298,0.30936,0.31117,0.30918,0.31109,7158,1690938000000
1299,0.31105,0.31138,0.30932,0.30932,5300,1690939800000
1300,0.30938,0.30938,0.30875,0.30893,4477,1690941600000
1301,0.30898,0.30914,0.30856,0.30886,3996,1690943400000
1302,0.30869,0.30875,0.30808,0.30843,5584,1690945200000
1303,0.30843,0.30843,0.30742,0.30744,1515,1690947000000
1304,0.30743,0.30755,0.30672,0.30746,2819,1690948800000
1305,0.30746,0.30759,0.30694,0.30696,3717,1690950600000
1306,0.30696,0.30707,0.30617,0.30633,19416,1690952400000
1307,0.30631,0.30676,0.30574,0.30625,5232,1690954200000
1308,0.30625,0.30656,0.30599,0.30628,15400,1690956000000
1309,0.30628,0.30646,0.30546,0.30547,6865,1690957800000
1310,0.30547,0.30642,0.30542,0.30591,3022,1690959600000
1311,0.30612,0.30657,0.30577,0.30577,19456,1690961400000
1312,0.30566,0.30631,0.30489,0.30615,3350,1690963200000
1313,0.30608,0.30657,0.30570,0.30628,6075,1690965000000
1314,0.30626,0.30669,0.30606,0.30659,1447,1690966800000
1315,0.30667,0.30668,0.30615,0.30634,4518,1690968600000
1316,0.30635,0.30705,0.30631,0.30665,4152,1690970400000
1317,0.30666,0.30762,0.30664,0.30761,2305,1690972200000
1318,0.30762,0.30800,0.30728,0.30800,1415,1690974000000
1319,0.30796,0.30834,0.30783,0.30809,2512,1690975800000
1320,0.30801,0.30811,0.30680,0.30718,8166,1690977600000
1321,0.30712,0.30712,0.30599,0.30624,7153,1690979400000
1322,0.30617,0.30633,0.30555,0.30611,5496,1690981200000
1323,0.30593,0.30613,0.30514,0.30546,33581,1690983000000
1324,0.30543,0.30572,0.30382,0.30428,12998,1690984800000
1325,0.30402,0.30414,0.30167,0.30296,96380,1690986600000
1326,0.30260,0.30293,0.30153,0.30261,6685,1690988400000
1327,0.30254,0.30398,0.30251,0.30288,40802,1690990200000
1328,0.30265,0.30339,0.30230,0.30267,13747,1690992000000
1329,0.30257,0.30358,0.29745,0.29987,163898,1690993800000
1330,0.29966,0.30195,0.29942,0.30171,28819,1690995600000
1331,0.30165,0.30215,0.30081,0.30145,9471,1690997400000
1332,0.30145,0.30226,0.30132,0.30182,1413,1690999200000
1333,0.30173,0.30174,0.30084,0.30127,11334,1691001000000
1334,0.30129,0.30157,0.30104,0.30142,13645,1691002800000
1335,0.30136,0.30242,0.30122,0.30203,4642,1691004600000
1336,0.30191,0.30235,0.30162,0.30214,7861,1691006400000
1337,0.30212,0.30255,0.30205,0.30205,1835,1691008200000
1338,0.30205,0.30233,0.30038,0.30173,29285,1691010000000
1339,0.30176,0.30201,0.30133,0.30173,3921,1691011800000
1340,0.30176,0.30215,0.30146,0.30163,10015,1691013600000
1341,0.30163,0.30165,0.29891,0.29967,113014,1691015400000
1342,0.29983,0.30018,0.29899,0.29927,17287,1691017200000
1343,0.29928,0.29948,0.29850,0.29934,27864,1691019000000
1344,0.29934,0.29994,0.29816,0.29949,32394,1691020800000
1345,0.29948,0.30032,0.29901,0.29917,6405,1691022600000
1346,0.29917,0.30024,0.29904,0.30009,1015,1691024400000
1347,0.30025,0.30122,0.30021,0.30093,773,1691026200000
1348,0.30097,0.30139,0.29983,0.29983,9192,1691028000000
1349,0.29973,0.30017,0.29950,0.30014,998,1691029800000
1350,0.29999,0.30017,0.29900,0.29949,4137,1691031600000
1351,0.29954,0.29967,0.29905,0.29965,33636,1691033400000
1352,0.29962,0.29962,0.29872,0.29873,8554,1691035200000
1353,0.29873,0.29913,0.29831,0.29912,9298,1691037000000
1354,0.29915,0.29940,0.29792,0.29811,7893,1691038800000
1355,0.29818,0.29940,0.29803,0.29927,6714,1691040600000
1356,0.29938,0.29938,0.29859,0.29870,2934,1691042400000
1357,0.29864,0.29873,0.29600,0.29705,11837,1691044200000
1358,0.29697,0.29730,0.29464,0.29482,50669,1691046000000
1359,0.29483,0.29597,0.29479,0.29538,79773,1691047800000
1360,0.29540,0.29594,0.29309,0.29469,88253,1691049600000
1361,0.29469,0.29515,0.29379,0.29475,18355,1691051400000
1362,0.29492,0.29535,0.29440,0.29491,4451,1691053200000
1363,0.29494,0.29529,0.29450,0.29496,10236,1691055000000
1364,0.29502,0.29584,0.29491,0.29584,3159,1691056800000
1365,0.29587,0.29633,0.29562,0.29599,8458,1691058600000
1366,0.29618,0.29634,0.29521,0.29577,18550,1691060400000
1367,0.29587,0.29642,0.29539,0.29595,3424,1691062200000
1368,0.29605,0.29747,0.29481,0.29500,19326,1691064000000
1369,0.29490,0.29541,0.29359,0.29451,15627,1691065800000
1370,0.29463,0.29560,0.29463,0.29495,9771,1691067600000
1371,0.29495,0.29553,0.29442,0.29543,7905,1691069400000
1372,0.29558,0.29601,0.29531,0.29573,6485,1691071200000
1373,0.29583,0.29771,0.29565,0.29749,18497,1691073000000
1374,0.29783,0.29786,0.29595,0.29618,21566,1691074800000
1375,0.29602,0.29680,0.29602,0.29645,15516,1691076600000
1376,0.29645,0.29696,0.29574,0.29696,54573,1691078400000
1377,0.29700,0.29777,0.29653,0.29747,14389,1691080200000
1378,0.29748,0.29837,0.29736,0.29750,35574,1691082000000
1379,0.29746,0.29754,0.29587,0.29587,8061,1691083800000
1380,0.29567,0.29593,0.29486,0.29531,6203,1691085600000
1381,0.29533,0.29584,0.29527,0.29567,8814,1691087400000
1382,0.29559,0.29575,0.29494,0.29554,9017,1691089200000
1383,0.29546,0.29564,0.29501,0.29559,8857,1691091000000
1384,0.29548,0.29667,0.29536,0.29667,1679,1691092800000
1385,0.29658,0.29668,0.29477,0.29497,7287,1691094600000
1386,0.29492,0.29507,0.29397,0.29417,5167,1691096400000
1387,0.29411,0.29423,0.29182,0.29286,13191,1691098200000
1388,0.29251,0.29311,0.28899,0.29118,28548,1691100000000
1389,0.29129,0.29288,0.29101,0.29269,23148,1691101800000
1390,0.29268,0.29328,0.29216,0.29281,3426,1691103600000
1391,0.29288,0.29325,0.29223,0.29231,2147,1691105400000
1392,0.29238,0.29352,0.29165,0.29303,3037,1691107200000
1393,0.29271,0.29395,0.29190,0.29395,18166,1691109000000
1394,0.29388,0.29388,0.29302,0.29319,9430,1691110800000
1395,0.29316,0.29422,0.29316,0.29347,4013,1691112600000
1396,0.29351,0.29387,0.29279,0.29337,5445,1691114400000
1397,0.29336,0.29417,0.29335,0.29401,2544,1691116200000
1398,0.29401,0.29419,0.29349,0.29397,960,1691118000000
1399,0.29405,0.29417,0.29362,0.29404,2064,1691119800000
1400,0.29405,0.29422,0.29317,0.29320,4018,1691121600000
1401,0.29320,0.29442,0.29301,0.29429,10240,1691123400000
1402,0.29429,0.29453,0.29362,0.29380,1532,1691125200000
1403,0.29372,0.29409,0.29334,0.29366,10402,1691127000000
1404,0.29358,0.29473,0.29358,0.29449,1777,1691128800000
1405,0.29438,0.29438,0.29259,0.29303,9017,1691130600000
1406,0.29306,0.29322,0.29256,0.29272,2819,1691132400000
1407,0.29256,0.29303,0.29205,0.29293,11143,1691134200000
1408,0.29299,0.29375,0.29271,0.29297,6990,1691136000000
1409,0.29294,0.29347,0.29284,0.29316,5979,1691137800000
1410,0.29316,0.29413,0.29298,0.29413,1446,1691139600000
1411,0.29409,0.29422,0.29363,0.29390,4715,1691141400000
1412,0.29382,0.29406,0.29346,0.29371,8504,1691143200000
1413,0.29368,0.29394,0.29282,0.29294,6489,1691145000000
1414,0.29289,0.29289,0.29244,0.29282,6587,1691146800000
1415,0.29280,0.29343,0.29243,0.29319,3766,1691148600000
1416,0.29296,0.29392,0.29250,0.29392,23846,1691150400000
1417,0.29382,0.29544,0.29331,0.29476,16598,1691152200000
1418,0.29476,0.29530,0.29469,0.29495,4255,1691154000000
1419,0.29495,0.29650,0.29486,0.29518,10957,1691155800000
1420,0.29521,0.29588,0.29432,0.29574,10239,1691157600000
1421,0.29585,0.29647,0.29545,0.29616,5176,1691159400000
1422,0.29616,0.29628,0.29525,0.29592,15771,1691161200000
1423,0.29601,0.29637,0.29573,0.29601,8656,1691163000000
1424,0.29596,0.29705,0.29588,0.29680,11009,1691164800000
1425,0.29680,0.29725,0.29643,0.29707,9446,1691166600000
1426,0.29701,0.29714,0.29597,0.29620,8515,1691168400000
1427,0.29624,0.29635,0.29562,0.29575,103264,1691170200000
1428,0.29578,0.29579,0.29379,0.29435,14647,1691172000000
1429,0.29429,0.29486,0.29168,0.29314,20086,1691173800000
1430,0.29311,0.29417,0.29311,0.29345,18719,1691175600000
1431,0.29351,0.29407,0.29284,0.29327,17183,1691177400000
1432,0.29328,0.29448,0.29313,0.29448,4607,1691179200000
1433,0.29450,0.29450,0.29048,0.29146,59114,1691181000000
1434,0.29130,0.29354,0.29130,0.29344,2873,1691182800000
1435,0.29339,0.29391,0.29287,0.29303,1443,1691184600000
1436,0.29303,0.29416,0.29302,0.29395,1871,1691186400000
1437,0.29384,0.29396,0.29342,0.29353,3987,1691188200000
1438,0.29360,0.29420,0.29325,0.29347,16861,1691190000000
1439,0.29342,0.29435,0.29340,0.29355,3837,1691191800000
1440,0.29362,0.29384,0.29302,0.29380,3297,1691193600000
1441,0.29384,0.29405,0.29339,0.29342,8438,1691195400000
1442,0.29342,0.29384,0.29221,0.29244,32773,1691197200000
1443,0.29238,0.29267,0.29063,0.29103,25011,1691199000000
1444,0.29102,0.29188,0.29095,0.29121,10565,1691200800000
1445,0.29128,0.29209,0.29108,0.29173,10868,1691202600000
1446,0.29173,0.29285,0.29159,0.29272,2318,1691204400000
1447,0.29262,0.29271,0.29214,0.29259,1380,1691206200000
1448,0.29266,0.29281,0.29190,0.29213,6709,1691208000000
1449,0.29216,0.29217,0.29124,0.29182,1833,1691209800000
1450,0.29172,0.29172,0.29074,0.29163,3698,1691211600000
1451,0.29141,0.29261,0.29134,0.29261,3982,1691213400000
1452,0.29255,0.29256,0.29164,0.29187,912,1691215200000
1453,0.29195,0.29198,0.29095,0.29113,508,1691217000000
1454,0.29113,0.29136,0.29082,0.29082,9196,1691218800000
1455,0.29081,0.29133,0.29054,0.29114,386,1691220600000
1456,0.29113,0.29113,0.29050,0.29067,2231,1691222400000
1457,0.29071,0.29186,0.29071,0.29162,2203,1691224200000
1458,0.29162,0.29191,0.29146,0.29164,1551,1691226000000
1459,0.29164,0.29194,0.29125,0.29164,592,1691227800000
1460,0.29162,0.29234,0.29162,0.29214,4363,1691229600000
1461,0.29213,0.29237,0.29149,0.29213,24385,1691231400000
1462,0.29214,0.29298,0.29195,0.29209,5057,1691233200000
1463,0.29209,0.29225,0.29145,0.29168,21318,1691235000000
1464,0.29168,0.29168,0.29051,0.29142,4184,1691236800000
1465,0.29135,0.29140,0.29059,0.29114,3570,1691238600000
1466,0.29112,0.29169,0.29094,0.29113,16375,1691240400000
1467,0.29115,0.29120,0.29035,0.29052,5835,1691242200000
1468,0.29071,0.29228,0.29071,0.29212,5990,1691244000000
1469,0.29217,0.29234,0.29106,0.29214,11764,1691245800000
1470,0.29218,0.29243,0.29071,0.29091,15574,1691247600000
1471,0.29085,0.29188,0.29026,0.29112,3726,1691249400000
1472,0.29112,0.29164,0.29077,0.29091,7302,1691251200000
1473,0.29105,0.29137,0.29026,0.29108,9692,1691253000000
1474,0.29112,0.29238,0.29106,0.29238,6267,1691254800000
1475,0.29242,0.29242,0.29185,0.29222,6417,1691256600000
1476,0.29223,0.29322,0.29197,0.29322,24058,1691258400000
1477,0.29324,0.29404,0.29303,0.29361,12252,1691260200000
1478,0.29361,0.29363,0.29286,0.29316,1568,1691262000000
1479,0.29315,0.29315,0.29243,0.29270,6037,1691263800000
1480,0.29250,0.29290,0.29249,0.29257,10352,1691265600000
1481,0.29257,0.29265,0.29224,0.29233,22463,1691267400000
1482,0.29238,0.29335,0.29237,0.29331,1045,1691269200000
1483,0.29331,0.29352,0.29261,0.29263,2881,1691271000000
1484,0.29261,0.29280,0.29243,0.29261,1945,1691272800000
1485,0.29257,0.29340,0.29256,0.29340,2812,1691274600000
1486,0.29340,0.29406,0.29285,0.29384,2503,1691276400000
1487,0.29383,0.29400,0.29345,0.29382,3273,1691278200000
1488,0.29381,0.29427,0.29327,0.29401,7654,1691280000000
1489,0.29412,0.29444,0.29347,0.29426,4229,1691281800000
1490,0.29433,0.29446,0.29336,0.29355,11757,1691283600000
1491,0.29349,0.29387,0.29332,0.29338,3286,1691285400000
1492,0.29339,0.29558,0.29333,0.29532,4241,1691287200000
1493,0.29537,0.29537,0.29445,0.29472,6932,1691289000000
1494,0.29472,0.29542,0.29449,0.29520,3439,1691290800000
1495,0.29524,0.29537,0.29486,0.29514,6804,1691292600000
1496,0.29514,0.29537,0.29452,0.29475,5401,1691294400000
1497,0.29474,0.29528,0.29470,0.29486,5616,1691296200000
1498,0.29488,0.29501,0.29472,0.29486,7961,1691298000000
1499,0.29483,0.29544,0.29440,0.29532,2957,1691299800000
1500,0.29533,0.29573,0.29439,0.29468,1707,1691301600000
1501,0.29465,0.29472,0.29392,0.29431,2766,1691303400000
1502,0.29430,0.29450,0.29413,0.29448,2426,1691305200000
1503,0.29448,0.29464,0.29418,0.29442,1092,1691307000000
1504,0.29442,0.29505,0.29435,0.29488,1639,1691308800000
1505,0.29480,0.29552,0.29473,0.29540,3813,1691310600000
1506,0.29538,0.29538,0.29417,0.29417,4015,1691312400000
1507,0.29423,0.29479,0.29412,0.29465,2889,1691314200000
1508,0.29469,0.29480,0.29421,0.29426,1697,1691316000000
1509,0.29428,0.29447,0.29386,0.29412,2332,1691317800000
1510,0.29412,0.29452,0.29411,0.29432,4554,1691319600000
1511,0.29432,0.29499,0.29432,0.29482,3283,1691321400000
1512,0.29481,0.29537,0.29468,0.29483,24676,1691323200000
1513,0.29483,0.29502,0.29360,0.29360,8530,1691325000000
1514,0.29352,0.29352,0.29238,0.29270,5503,1691326800000
1515,0.29267,0.29285,0.29197,0.29207,6008,1691328600000
1516,0.29206,0.29235,0.29078,0.29218,7855,1691330400000
1517,0.29213,0.29232,0.29145,0.29204,6672,1691332200000
1518,0.29187,0.29232,0.29158,0.29158,4340,1691334000000
1519,0.29158,0.29184,0.29083,0.29124,1249,1691335800000
1520,0.29121,0.29160,0.29058,0.29150,11413,1691337600000
1521,0.29151,0.29298,0.29150,0.29294,16457,1691339400000
1522,0.29284,0.29286,0.29199,0.29212,3234,1691341200000
1523,0.29219,0.29255,0.29197,0.29201,4858,1691343000000
1524,0.29210,0.29246,0.29210,0.29223,3031,1691344800000
1525,0.29222,0.29237,0.29183,0.29183,14523,1691346600000
1526,0.29183,0.29238,0.29176,0.29177,10361,1691348400000
1527,0.29180,0.29213,0.29171,0.29193,10204,1691350200000
1528,0.29214,0.29221,0.29187,0.29205,7341,1691352000000
1529,0.29207,0.29308,0.29197,0.29288,7077,1691353800000
1530,0.29287,0.29412,0.29287,0.29353,3426,1691355600000
1531,0.29352,0.29357,0.29178,0.29202,14363,1691357400000
1532,0.29219,0.29368,0.29212,0.29342,6308,1691359200000
1533,0.29342,0.29367,0.29238,0.29262,5969,1691361000000
1534,0.29261,0.29277,0.29212,0.29235,4990,1691362800000
1535,0.29224,0.29247,0.29192,0.29223,4222,1691364600000
1536,0.29232,0.29303,0.29207,0.29232,12358,1691366400000
1537,0.29225,0.29236,0.29103,0.29180,273,1691368200000
1538,0.29191,0.29487,0.29184,0.29456,9245,1691370000000
1539,0.29484,0.29523,0.29431,0.29486,6946,1691371800000
1540,0.29487,0.29502,0.29421,0.29471,1849,1691373600000
1541,0.29475,0.29575,0.29474,0.29550,7846,1691375400000
1542,0.29551,0.29586,0.29480,0.29514,5160,1691377200000
1543,0.29517,0.29517,0.29422,0.29458,13508,1691379000000
1544,0.29456,0.29509,0.29422,0.29498,18444,1691380800000
1545,0.29507,0.29507,0.29436,0.29445,10705,1691382600000
1546,0.29438,0.29444,0.29348,0.29359,3072,1691384400000
1547,0.29363,0.29394,0.29350,0.29370,3239,1691386200000
1548,0.29368,0.29371,0.29172,0.29217,9575,1691388000000
1549,0.29205,0.29219,0.29088,0.29095,1279,1691389800000
1550,0.29092,0.29209,0.29086,0.29170,5671,1691391600000
1551,0.29165,0.29236,0.29141,0.29236,6364,1691393400000
1552,0.29241,0.29248,0.29207,0.29244,1799,1691395200000
1553,0.29240,0.29274,0.29213,0.29224,5015,1691397000000
1554,0.29224,0.29281,0.29205,0.29281,1634,1691398800000
1555,0.29291,0.29344,0.29272,0.29297,2582,1691400600000
1556,0.29297,0.29303,0.29224,0.29237,333,1691402400000
1557,0.29229,0.29341,0.29223,0.29331,7051,1691404200000
1558,0.29340,0.29345,0.29303,0.29303,11539,1691406000000
1559,0.29303,0.29308,0.29255,0.29298,9549,1691407800000
1560,0.29307,0.29517,0.29278,0.29294,3904,1691409600000
1561,0.29293,0.29485,0.29293,0.29402,3647,1691411400000
1562,0.29402,0.29432,0.29346,0.29376,7876,1691413200000
1563,0.29370,0.29440,0.29319,0.29328,9798,1691415000000
1564,0.29318,0.29339,0.29164,0.29164,5086,1691416800000
1565,0.29121,0.29257,0.29121,0.29181,6308,1691418600000
1566,0.29182,0.29205,0.28839,0.28898,21034,1691420400000
1567,0.28906,0.28974,0.28795,0.28928,50652,1691422200000
1568,0.28907,0.28928,0.28202,0.28692,299698,1691424000000
1569,0.28687,0.28687,0.28467,0.28582,6319,1691425800000
1570,0.28593,0.28714,0.28581,0.28622,16532,1691427600000
1571,0.28645,0.28706,0.28552,0.28700,8561,1691429400000
1572,0.28700,0.28962,0.28683,0.28912,15232,1691431200000
1573,0.28911,0.28996,0.28817,0.28821,10936,1691433000000
1574,0.28821,0.28846,0.28759,0.28762,2811,1691434800000
1575,0.28769,0.28906,0.28755,0.28906,8580,1691436600000
1576,0.28906,0.28943,0.28872,0.28885,1685,1691438400000
1577,0.28886,0.28955,0.28873,0.28942,16040,1691440200000
1578,0.28946,0.29073,0.28913,0.29072,16101,1691442000000
1579,0.29061,0.29068,0.28938,0.28983,4372,1691443800000
1580,0.28985,0.29001,0.28966,0.28985,3436,1691445600000
1581,0.28985,0.29063,0.28961,0.29025,1526,1691447400000
1582,0.29024,0.29059,0.28967,0.28978,3391,1691449200000
1583,0.28978,0.29110,0.28944,0.29104,2881,1691451000000
1584,0.29111,0.29138,0.29062,0.29066,5370,1691452800000
1585,0.29065,0.29223,0.29031,0.29221,6207,1691454600000
1586,0.29205,0.29205,0.29036,0.29056,12813,1691456400000
1587,0.29056,0.29098,0.29001,0.29001,44199,1691458200000
1588,0.29000,0.29067,0.28969,0.29047,3479,1691460000000
1589,0.29038,0.29127,0.29038,0.29072,2371,1691461800000
1590,0.29083,0.29122,0.29060,0.29094,2015,1691463600000
1591,0.29092,0.29175,0.29083,0.29136,2718,1691465400000
1592,0.29137,0.29193,0.29092,0.29183,22751,1691467200000
1593,0.29184,0.29240,0.29157,0.29194,51810,1691469000000
1594,0.29198,0.29240,0.29179,0.29238,6545,1691470800000
1595,0.29235,0.29327,0.29203,0.29265,8162,1691472600000
1596,0.29269,0.29281,0.29217,0.29281,10367,1691474400000
1597,0.29279,0.29310,0.29221,0.29229,19830,1691476200000
1598,0.29226,0.29326,0.29198,0.29294,19306,1691478000000
1599,0.29266,0.29325,0.29039,0.29096,11672,1691479800000
1600,0.29092,0.29150,0.29067,0.29123,14920,1691481600000
1601,0.29109,0.29114,0.29041,0.29063,9797,1691483400000
1602,0.29063,0.29093,0.29030,0.29052,5117,1691485200000
1603,0.29073,0.29080,0.29042,0.29069,4018,1691487000000
1604,0.29070,0.29106,0.29064,0.29098,2140,1691488800000
1605,0.29102,0.29248,0.29102,0.29248,3619,1691490600000
1606,0.29252,0.29313,0.29170,0.29310,15577,1691492400000
1607,0.29317,0.29356,0.29217,0.29335,8677,1691494200000
1608,0.29355,0.29366,0.29267,0.29360,3992,1691496000000
1609,0.29366,0.29552,0.29307,0.29536,17374,1691497800000
1610,0.29547,0.29627,0.29399,0.29465,12037,1691499600000
1611,0.29451,0.29494,0.29266,0.29323,9043,1691501400000
1612,0.29310,0.29407,0.29297,0.29406,5144,1691503200000
1613,0.29411,0.29496,0.29398,0.29405,10118,1691505000000
1614,0.29406,0.29490,0.29394,0.29477,5735,1691506800000
1615,0.29482,0.29609,0.29482,0.29534,11858,1691508600000
1616,0.29524,0.29635,0.29524,0.29576,7058,1691510400000
1617,0.29569,0.29792,0.29568,0.29661,17848,1691512200000
1618,0.29671,0.29757,0.29600,0.29642,36198,1691514000000
1619,0.29642,0.30177,0.29611,0.30130,45100,1691515800000
1620,0.30130,0.30231,0.30001,0.30103,17735,1691517600000
1621,0.30102,0.30167,0.29974,0.30013,10612,1691519400000
1622,0.30013,0.30154,0.29997,0.30044,67168,1691521200000
1623,0.30026,0.30056,0.29903,0.29903,20415,1691523000000
1624,0.29925,0.30056,0.29925,0.30040,13565,1691524800000
1625,0.30044,0.30089,0.29992,0.30012,29501,1691526600000
1626,0.30011,0.30228,0.30011,0.30034,13645,1691528400000
1627,0.30014,0.30211,0.29938,0.30020,19980,1691530200000
1628,0.30036,0.30084,0.29940,0.30084,12361,1691532000000
1629,0.30084,0.30118,0.29871,0.29884,13334,1691533800000
1630,0.29884,0.29954,0.29797,0.29817,32666,1691535600000
1631,0.29822,0.29839,0.29737,0.29745,39776,1691537400000
1632,0.29759,0.29853,0.29750,0.29816,20852,1691539200000
1633,0.29822,0.29887,0.29773,0.29773,8595,1691541000000
1634,0.29765,0.29881,0.29741,0.29877,7039,1691542800000
1635,0.29874,0.29896,0.29804,0.29807,7557,1691544600000
1636,0.29806,0.29818,0.29628,0.29644,5055,1691546400000
1637,0.29647,0.29711,0.29610,0.29643,6365,1691548200000
1638,0.29633,0.29711,0.29617,0.29700,3866,1691550000000
1639,0.29701,0.29747,0.29684,0.29738,1851,1691551800000
1640,0.29726,0.29788,0.29712,0.29788,2599,1691553600000
1641,0.29784,0.29815,0.29747,0.29773,2122,1691555400000
1642,0.29763,0.29827,0.29763,0.29827,2228,1691557200000
1643,0.29832,0.29851,0.29785,0.29826,2000,1691559000000
1644,0.29831,0.29844,0.29689,0.29692,16181,1691560800000
1645,0.29707,0.29788,0.29697,0.29788,5945,1691562600000
1646,0.29772,0.29869,0.29772,0.29865,2233,1691564400000
1647,0.29869,0.29949,0.29850,0.29919,3745,1691566200000
1648,0.29918,0.29936,0.29889,0.29889,4997,1691568000000
1649,0.29865,0.29949,0.29857,0.29930,7255,1691569800000
1650,0.29921,0.29941,0.29880,0.29903,3697,1691571600000
1651,0.29892,0.29948,0.29846,0.29862,1196,1691573400000
1652,0.29857,0.29895,0.29831,0.29836,6731,1691575200000
1653,0.29832,0.29940,0.29791,0.29918,9548,1691577000000
1654,0.29928,0.29946,0.29858,0.29858,5568,1691578800000
1655,0.29862,0.29883,0.29785,0.29852,6815,1691580600000
1656,0.29838,0.29926,0.29811,0.29841,5078,1691582400000
1657,0.29841,0.30072,0.29841,0.30072,8311,1691584200000
1658,0.30067,0.30145,0.29971,0.30100,13019,1691586000000
1659,0.30100,0.30110,0.29974,0.29992,8766,1691587800000
1660,0.29984,0.30025,0.29836,0.29931,15371,1691589600000
1661,0.29925,0.30014,0.29795,0.29795,16948,1691591400000
1662,0.29773,0.29822,0.29716,0.29784,13368,1691593200000
1663,0.29784,0.29852,0.29745,0.29804,6600,1691595000000
1664,0.29806,0.29851,0.29727,0.29818,8502,1691596800000
1665,0.29810,0.29853,0.29690,0.29757,12835,1691598600000
1666,0.29741,0.29849,0.29700,0.29767,2418,1691600400000
1667,0.29766,0.29807,0.29739,0.29773,32588,1691602200000
1668,0.29765,0.29902,0.29761,0.29902,4472,1691604000000
1669,0.29899,0.29909,0.29826,0.29827,15462,1691605800000
1670,0.29829,0.29984,0.29829,0.29969,7711,1691607600000
1671,0.29968,0.29968,0.29843,0.29877,8601,1691609400000
1672,0.29876,0.30005,0.29846,0.29995,6518,1691611200000
1673,0.29994,0.30083,0.29986,0.30050,12568,1691613000000
1674,0.30056,0.30066,0.29761,0.29897,38993,1691614800000
1675,0.29906,0.29967,0.29824,0.29964,16362,1691616600000
1676,0.29968,0.30069,0.29950,0.30042,14448,1691618400000
1677,0.30035,0.30197,0.30035,0.30186,4427,1691620200000
1678,0.30186,0.30223,0.30117,0.30209,16046,1691622000000
1679,0.30211,0.30223,0.30103,0.30132,4667,1691623800000
