,o,h,l,c,v,t
0,0.99231,0.99804,0.98804,0.99799,6.4,1688601600000
1,0.99799,0.99800,0.99789,0.99799,6.6,1688603400000
2,0.99800,0.99805,0.99794,0.99800,6.3,1688605200000
3,0.99799,0.99815,0.99799,0.99810,6.2,1688607000000
4,0.99809,0.99815,0.99799,0.99799,6.4,1688608800000
5,0.99799,0.99807,0.99231,0.99799,6.6,1688610600000
6,0.99799,0.99810,0.99794,0.99799,6.5,1688612400000
7,0.99800,0.99810,0.99794,0.99803,287.5,1688614200000
8,0.99803,0.99803,0.99226,0.99797,6.4,1688616000000
9,0.99798,0.99803,0.99168,0.99792,6.4,1688617800000
10,0.99791,0.99797,0.99166,0.99792,5.9,1688619600000
11,0.99791,0.99797,0.99166,0.99792,6.5,1688621400000
12,0.99792,0.99799,0.99235,0.99235,6.8,1688623200000
13,0.99235,0.99796,0.99235,0.99791,6.7,1688625000000
14,0.99792,0.99792,0.99163,0.99784,275.8,1688626800000
15,0.99784,0.99798,0.99235,0.99793,6.4,1688628600000
16,0.99792,0.99803,0.98638,0.99793,562.9,1688630400000
17,0.99792,0.99798,0.99772,0.99772,6.5,1688632200000
18,0.99773,0.99808,0.99773,0.99802,6.5,1688634000000
19,0.99803,0.99807,0.99171,0.99802,6.7,1688635800000
20,0.99801,0.99802,0.99245,0.99802,96.7,1688637600000
21,0.99799,0.99807,0.99782,0.99791,35.8,1688639400000
22,0.99791,0.99802,0.99168,0.99796,7.2,1688641200000
23,0.99796,0.99802,0.99166,0.99791,7.2,1688643000000
24,0.99792,0.99792,0.99781,0.99792,36.2,1688644800000
25,0.99792,0.99792,0.99705,0.99784,6.6,1688646600000
26,0.99783,0.99786,0.99782,0.99783,6.9,1688648400000
27,0.99784,0.99786,0.99782,0.99784,8.7,1688650200000
28,0.99783,0.99792,0.99782,0.99786,6.6,1688652000000
29,0.99786,0.99786,0.99761,0.99772,6.6,1688653800000
30,0.99773,0.99773,0.99771,0.99773,6.6,1688655600000
31,0.99773,0.99785,0.99771,0.99782,6.7,1688657400000
32,0.99783,0.99785,0.99781,0.99782,6.9,1688659200000
33,0.99782,0.99783,0.99781,0.99782,6.6,1688661000000
34,0.99783,0.99805,0.99783,0.99790,632.9,1688662800000
35,0.99790,0.99879,0.98825,0.99782,6.6,1688664600000
36,0.99782,0.99790,0.99780,0.99782,6.7,1688666400000
37,0.99782,0.99783,0.99780,0.99780,6.6,1688668200000
38,0.99781,0.99789,0.98620,0.99789,201.3,1688670000000
39,0.99789,0.99794,0.99788,0.99788,6.5,1688671800000
40,0.99794,0.99799,0.98743,0.99789,63.5,1688673600000
41,0.99789,0.99794,0.99166,0.99794,6.5,1688675400000
42,0.99789,0.99794,0.99783,0.99789,6.4,1688677200000
43,0.99789,0.99793,0.99783,0.99788,6.4,1688679000000
44,0.99794,0.99794,0.99777,0.99788,119.1,1688680800000
45,0.99787,0.99793,0.99783,0.99787,7.2,1688682600000
46,0.99787,0.99803,0.99787,0.99797,6.5,1688684400000
47,0.99798,0.99802,0.99245,0.99245,584.9,1688686200000
48,0.99245,0.99803,0.98834,0.99795,7.1,1688688000000
49,0.99795,0.99808,0.99787,0.99797,6.4,1688689800000
50,0.99798,0.99801,0.99792,0.99797,6.5,1688691600000
51,0.99798,0.99798,0.99171,0.99798,6.8,1688693400000
52,0.99797,0.99803,0.99027,0.99796,1218.3,1688695200000
53,0.99797,0.99807,0.99170,0.99807,6.9,1688697000000
54,0.99806,0.99812,0.99255,0.99796,6.6,1688698800000
55,0.99796,0.99799,0.98713,0.99796,6.7,1688700600000
56,0.99796,0.99801,0.98713,0.99796,7.0,1688702400000
57,0.99796,0.99801,0.99171,0.99171,6.5,1688704200000
58,0.99171,0.99800,0.99171,0.99788,1520.3,1688706000000
59,0.99793,0.99798,0.99170,0.99792,33.5,1688707800000
60,0.99793,0.99797,0.99782,0.99792,6.3,1688709600000
61,0.99793,0.99793,0.99785,0.99792,6.5,1688711400000
62,0.99793,0.99798,0.99171,0.99786,6.4,1688713200000
63,0.99786,0.99796,0.99775,0.99786,236.9,1688715000000
64,0.99785,0.99791,0.99775,0.99776,7.0,1688716800000
65,0.99776,0.99790,0.99775,0.99785,6.5,1688718600000
66,0.99785,0.99791,0.99775,0.99785,452.9,1688720400000
67,0.99785,0.99790,0.99779,0.99785,6.4,1688722200000
68,0.99785,0.99790,0.99779,0.99784,6.7,1688724000000
69,0.99789,0.99789,0.99769,0.99775,6.1,1688725800000
70,0.99775,0.99861,0.99764,0.99774,6.5,1688727600000
71,0.99775,0.99780,0.99236,0.99775,6.5,1688729400000
72,0.99015,0.99780,0.99015,0.99774,6.3,1688731200000
73,0.99774,0.99784,0.99770,0.99774,6.5,1688733000000
74,0.99774,0.99779,0.99211,0.99774,6.6,1688734800000
75,0.99774,0.99784,0.99773,0.99784,6.3,1688736600000
76,0.99784,0.99789,0.99778,0.99783,6.3,1688738400000
77,0.99783,0.99789,0.99245,0.99777,2046.2,1688740200000
78,0.99777,0.99787,0.99697,0.99750,6.4,1688742000000
79,0.99750,0.99767,0.99748,0.99760,6.5,1688743800000
80,0.99759,0.99761,0.99758,0.99760,6.4,1688745600000
81,0.99761,0.99762,0.99758,0.99760,6.5,1688747400000
82,0.99760,0.99761,0.99757,0.99758,6.5,1688749200000
83,0.99758,0.99773,0.98620,0.99762,5160.2,1688751000000
84,0.99768,0.99768,0.99757,0.99757,6.5,1688752800000
85,0.99762,0.99778,0.99762,0.99767,7.0,1688754600000
86,0.99775,0.99778,0.99762,0.99770,1269.5,1688756400000
87,0.99770,0.99776,0.99760,0.99770,909.6,1688758200000
88,0.99770,0.99770,0.99754,0.99759,6.5,1688760000000
89,0.99759,0.99767,0.99754,0.99764,6.9,1688761800000
90,0.99767,0.99767,0.99166,0.99235,6.3,1688763600000
91,0.99760,0.99766,0.99754,0.99759,6.6,1688765400000
92,0.99764,0.99764,0.99166,0.99759,6.6,1688767200000
93,0.99759,0.99764,0.99754,0.99760,6.6,1688769000000
94,0.99759,0.99765,0.99754,0.99759,6.6,1688770800000
95,0.99759,0.99775,0.98835,0.99245,6.5,1688772600000
96,0.99246,0.99765,0.99166,0.99759,6.6,1688774400000
97,0.99754,0.99765,0.99749,0.99759,7.3,1688776200000
98,0.99760,0.99767,0.99166,0.99759,6.5,1688778000000
99,0.99759,0.99764,0.98711,0.99166,6.4,1688779800000
100,0.99621,0.99764,0.99166,0.99759,6.4,1688781600000
101,0.99759,0.99764,0.99748,0.99759,6.3,1688783400000
102,0.99759,0.99764,0.99748,0.99759,6.8,1688785200000
103,0.99758,0.99863,0.99166,0.99166,7.4,1688787000000
104,0.99166,0.99748,0.98706,0.99216,6.6,1688788800000
105,0.99728,0.99875,0.99156,0.99739,6.8,1688790600000
106,0.99733,0.99753,0.99158,0.99161,6.7,1688792400000
107,0.98784,0.99764,0.98784,0.99758,7.0,1688794200000
108,0.99759,0.99763,0.99235,0.99759,6.4,1688796000000
109,0.99758,0.99774,0.99235,0.99768,7.2,1688797800000
110,0.99768,0.99774,0.99758,0.99759,6.5,1688799600000
111,0.99758,0.99769,0.99166,0.99166,6.5,1688801400000
112,0.99166,0.99764,0.99166,0.99758,6.8,1688803200000
113,0.99759,0.99764,0.99166,0.99759,6.4,1688805000000
114,0.99758,0.99764,0.99748,0.99748,6.7,1688806800000
115,0.99759,0.99763,0.98711,0.98711,6.4,1688808600000
116,0.99166,0.99779,0.98716,0.99779,6.7,1688810400000
117,0.99779,0.99779,0.98845,0.99769,6.5,1688812200000
118,0.99763,0.99773,0.99763,0.99768,6.5,1688814000000
119,0.99768,0.99776,0.99171,0.99769,7.2,1688815800000
120,0.99768,0.99769,0.99757,0.99768,38.3,1688817600000
121,0.99767,0.99773,0.99245,0.99758,6.9,1688819400000
122,0.99758,0.99767,0.99757,0.99766,6.5,1688821200000
123,0.99764,0.99767,0.99754,0.99756,6.6,1688823000000
124,0.99756,1.00003,0.99737,0.99753,262.8,1688824800000
125,0.99273,0.99753,0.99273,0.99747,7.3,1688826600000
126,0.99747,0.99753,0.99740,0.99748,6.9,1688828400000
127,0.99748,0.99753,0.99742,0.99747,6.4,1688830200000
128,0.99747,0.99753,0.99283,0.99748,6.9,1688832000000
129,0.99747,0.99752,0.99737,0.99748,34.3,1688833800000
130,0.99748,0.99753,0.99737,0.99748,83.3,1688835600000
131,0.99748,0.99752,0.99742,0.99747,6.5,1688837400000
132,0.99748,0.99753,0.99273,0.99747,6.9,1688839200000
133,0.99747,0.99758,0.99743,0.99748,7.1,1688841000000
134,0.99748,0.99752,0.99739,0.99740,6.9,1688842800000
135,0.99740,0.99741,0.99738,0.99740,6.5,1688844600000
136,0.99740,0.99741,0.98814,0.99740,214.0,1688846400000
137,0.99739,0.99755,0.98657,0.99747,212.6,1688848200000
138,0.99747,0.99753,0.99737,0.99748,62.9,1688850000000
139,0.99748,0.99753,0.99740,0.99748,7.0,1688851800000
140,0.99747,0.99748,0.99743,0.99747,6.5,1688853600000
141,0.99747,0.99753,0.99735,0.99745,17.8,1688855400000
142,0.99746,0.99751,0.99735,0.99746,16.8,1688857200000
143,0.99746,0.99750,0.99273,0.99273,6.6,1688859000000
144,0.99273,0.99751,0.99273,0.99745,6.7,1688860800000
145,0.99746,0.99750,0.99283,0.99745,6.3,1688862600000
146,0.99745,0.99751,0.99283,0.99745,7.1,1688864400000
147,0.99745,0.99751,0.99283,0.99746,6.6,1688866200000
148,0.99745,0.99750,0.98814,0.99734,3597.8,1688868000000
149,0.99734,0.99844,0.99276,0.99730,104.0,1688869800000
150,0.99731,0.99736,0.99273,0.99730,6.7,1688871600000
151,0.99731,0.99736,0.99283,0.99731,6.8,1688873400000
152,0.99736,0.99736,0.99116,0.99729,1499.4,1688875200000
153,0.99729,0.99737,0.99716,0.99726,6.3,1688877000000
154,0.99726,0.99734,0.98891,0.99716,6.3,1688878800000
155,0.99716,0.99716,0.98812,0.99694,19028.2,1688880600000
156,0.99694,0.99699,0.99684,0.99694,900.6,1688882400000
157,0.99693,0.99701,0.99557,0.99693,6.5,1688884200000
158,0.99693,0.99699,0.99308,0.99547,6.2,1688886000000
159,0.99548,0.99699,0.99303,0.99694,6.4,1688887800000
160,0.99688,0.99874,0.99683,0.99694,7.0,1688889600000
161,0.99558,0.99699,0.99547,0.99558,6.0,1688891400000
162,0.99694,0.99698,0.99557,0.99694,6.6,1688893200000
163,0.99694,0.99874,0.99547,0.99708,6.3,1688895000000
164,0.99555,0.99830,0.99552,0.99704,6.2,1688896800000
165,0.99704,0.99975,0.99553,0.99703,6.6,1688898600000
166,0.99703,0.99709,0.99381,0.99703,6.5,1688900400000
167,0.99703,0.99884,0.99552,0.99703,358.9,1688902200000
168,0.99704,0.99708,0.99553,0.99703,6.6,1688904000000
169,0.99703,0.99800,0.99554,0.99703,1380.7,1688905800000
170,0.99703,0.99707,0.99693,0.99696,6.3,1688907600000
171,0.99694,0.99717,0.99263,0.99712,53.1,1688909400000
172,0.99712,0.99717,0.99696,0.99701,6.6,1688911200000
173,0.99706,0.99706,0.99696,0.99702,6.4,1688913000000
174,0.99702,0.99706,0.99696,0.99701,6.8,1688914800000
175,0.99702,0.99707,0.99696,0.99701,6.1,1688916600000
176,0.99702,0.99707,0.99697,0.99702,6.6,1688918400000
177,0.99697,0.99706,0.99691,0.99706,1548.9,1688920200000
178,0.99701,0.99706,0.99376,0.99488,1212.9,1688922000000
179,0.99488,0.99600,0.99376,0.99488,6.4,1688923800000
180,0.99488,0.99665,0.99375,0.99485,6.6,1688925600000
181,0.99486,0.99697,0.99375,0.99486,6.0,1688927400000
182,0.99485,0.99665,0.99353,0.99486,509.7,1688929200000
183,0.99486,0.99665,0.99375,0.99486,6.6,1688931000000
184,0.99486,0.99665,0.99375,0.99485,6.2,1688932800000
185,0.99486,0.99651,0.99319,0.99486,6.2,1688934600000
186,0.99486,0.99596,0.99375,0.99486,6.3,1688936400000
187,0.99486,0.99596,0.99375,0.99485,6.4,1688938200000
188,0.99486,0.99596,0.99375,0.99485,6.6,1688940000000
189,0.99485,0.99596,0.99375,0.99486,6.6,1688941800000
190,0.99485,0.99596,0.99375,0.99485,6.4,1688943600000
191,0.99485,0.99865,0.99319,0.99665,6.8,1688945400000
192,0.99665,0.99865,0.99378,0.99493,6.8,1688947200000
193,0.99492,0.99607,0.99378,0.99493,6.6,1688949000000
194,0.99492,0.99606,0.99378,0.99493,6.7,1688950800000
195,0.99378,0.99493,0.99378,0.99492,6.6,1688952600000
196,0.99493,0.99607,0.99378,0.99492,6.1,1688954400000
197,0.99493,0.99607,0.99378,0.99493,6.3,1688956200000
198,0.99493,0.99606,0.99378,0.99379,6.9,1688958000000
199,0.99492,0.99607,0.99378,0.99493,6.5,1688959800000
200,0.99492,0.99728,0.99378,0.99718,8.4,1688961600000
201,0.99718,0.99718,0.99693,0.99702,6.6,1688963400000
202,0.99697,0.99703,0.99488,0.99488,7.6,1688965200000
203,0.99489,0.99600,0.99376,0.99488,6.4,1688967000000
204,0.99488,0.99682,0.99488,0.99542,6.5,1688968800000
205,0.99542,0.99543,0.99403,0.99542,6.7,1688970600000
206,0.99543,0.99682,0.99334,0.99542,6.7,1688972400000
207,0.99542,0.99801,0.99403,0.99801,4225.7,1688974200000
208,0.99801,0.99801,0.99800,0.99800,6.1,1688976000000
209,0.99801,0.99801,0.99800,0.99800,7.1,1688977800000
210,0.99800,0.99801,0.99800,0.99801,6.7,1688979600000
211,0.99801,0.99802,0.99800,0.99802,7.1,1688981400000
212,0.99801,0.99802,0.99801,0.99802,6.8,1688983200000
213,0.99801,0.99856,0.99801,0.99801,7.0,1688985000000
214,0.99801,0.99827,0.99800,0.99801,80.0,1688986800000
215,0.99800,1.00100,0.99425,0.99797,25846.4,1688988600000
216,0.99798,0.99805,0.99793,0.99798,6.4,1688990400000
217,0.99798,0.99802,0.99792,0.99797,6.5,1688992200000
218,0.99797,0.99798,0.99788,0.99790,6.3,1688994000000
219,0.99789,0.99790,0.99788,0.99789,6.8,1688995800000
220,0.99789,0.99792,0.99788,0.99790,6.5,1688997600000
221,0.99789,0.99790,0.99788,0.99790,6.6,1688999400000
222,0.99789,0.99792,0.99788,0.99790,6.8,1689001200000
223,0.99789,0.99791,0.99788,0.99789,6.6,1689003000000
224,0.99790,0.99791,0.99788,0.99790,6.6,1689004800000
225,0.99789,0.99791,0.99788,0.99790,7.1,1689006600000
226,0.99790,0.99805,0.99789,0.99797,6.4,1689008400000
227,0.99798,0.99803,0.99792,0.99803,7.0,1689010200000
228,0.99797,0.99803,0.99788,0.99790,6.4,1689012000000
229,0.99790,0.99790,0.99778,0.99780,6.7,1689013800000
230,0.99779,0.99780,0.99778,0.99780,6.7,1689015600000
231,0.99780,0.99782,0.99777,0.99777,7.3,1689017400000
232,0.99779,0.99792,0.99778,0.99789,7.0,1689019200000
233,0.99789,0.99791,0.99788,0.99789,6.6,1689021000000
234,0.99789,0.99791,0.99788,0.99790,6.4,1689022800000
235,0.99790,0.99795,0.99724,0.99775,3785.3,1689024600000
236,0.99775,0.99775,0.99764,0.99765,6.6,1689026400000
237,0.99765,0.99773,0.99754,0.99765,6.8,1689028200000
238,0.99765,0.99768,0.99764,0.99766,6.8,1689030000000
239,0.99766,0.99767,0.99342,0.99381,6.7,1689031800000
240,0.99342,0.99777,0.99280,0.99764,1500.9,1689033600000
241,0.99769,0.99779,0.99768,0.99769,6.2,1689035400000
242,0.99769,0.99776,0.99763,0.99769,7.0,1689037200000
243,0.99769,0.99781,0.99764,0.99777,6.4,1689039000000
244,0.99777,0.99890,0.99734,0.99798,6.5,1689040800000
245,0.99798,0.99812,0.99793,0.99807,6.4,1689042600000
246,0.99807,0.99807,0.99802,0.99807,6.4,1689044400000
247,0.99807,0.99812,0.99734,0.99806,241.7,1689046200000
248,0.99807,0.99812,0.99734,0.99806,6.6,1689048000000
249,0.99807,0.99890,0.99579,0.99812,6.9,1689049800000
250,0.99806,0.99890,0.99579,0.99807,6.4,1689051600000
251,0.99807,0.99890,0.99579,0.99734,6.7,1689053400000
252,0.99734,0.99812,0.99734,0.99807,6.6,1689055200000
253,0.99807,0.99812,0.99734,0.99735,6.6,1689057000000
254,0.99771,0.99890,0.99734,0.99734,6.4,1689058800000
255,0.99734,0.99791,0.99734,0.99791,6.5,1689060600000
256,0.99786,0.99791,0.99778,0.99786,6.4,1689062400000
257,0.99786,0.99790,0.99780,0.99785,7.0,1689064200000
258,0.99785,0.99785,0.99770,0.99776,6.8,1689066000000
259,0.99776,0.99776,0.99759,0.99765,6.8,1689067800000
260,0.99764,0.99765,0.99749,0.99758,6.6,1689069600000
261,0.99758,0.99761,0.99748,0.99749,6.4,1689071400000
262,0.99753,0.99759,0.99734,0.99734,7.0,1689073200000
263,0.99753,0.99768,0.99753,0.99762,6.4,1689075000000
264,0.99762,0.99767,0.99735,0.99750,6.6,1689076800000
265,0.99751,0.99770,0.99750,0.99770,6.3,1689078600000
266,0.99770,0.99790,0.99770,0.99781,6.7,1689080400000
267,0.99779,0.99780,0.99776,0.99778,6.8,1689082200000
268,0.99779,0.99780,0.99776,0.99778,6.7,1689084000000
269,0.99778,0.99780,0.99761,0.99763,6.4,1689085800000
270,0.99763,0.99763,0.99761,0.99763,6.6,1689087600000
271,0.99763,0.99765,0.99761,0.99762,6.7,1689089400000
272,0.99763,0.99764,0.99742,0.99743,6.8,1689091200000
273,0.99742,0.99744,0.99741,0.99743,6.5,1689093000000
274,0.99742,0.99745,0.99741,0.99744,6.7,1689094800000
275,0.99742,0.99745,0.99741,0.99745,6.5,1689096600000
276,0.99745,0.99771,0.99745,0.99755,8.8,1689098400000
277,0.99771,0.99771,0.99548,0.99745,4293.6,1689100200000
278,0.99744,0.99756,0.99548,0.99744,4004.3,1689102000000
279,0.99744,0.99750,0.99734,0.99744,6.9,1689103800000
280,0.99745,0.99749,0.99734,0.99734,61.3,1689105600000
281,0.99745,0.99755,0.99734,0.99744,69.6,1689107400000
282,0.99745,0.99754,0.99734,0.99744,1179.4,1689109200000
283,0.99744,0.99749,0.99738,0.99744,6.3,1689111000000
284,0.99744,0.99757,0.99736,0.99751,6.3,1689112800000
285,0.99751,0.99761,0.99749,0.99754,6.4,1689114600000
286,0.99754,0.99759,0.99743,0.99754,590.6,1689116400000
287,0.99754,0.99890,0.99579,0.99735,6.4,1689118200000
288,0.99734,0.99890,0.99734,0.99758,6.7,1689120000000
289,0.99754,0.99767,0.99741,0.99741,6.8,1689121800000
290,0.99742,0.99742,0.99736,0.99742,6.8,1689123600000
291,0.99742,0.99747,0.99734,0.99742,6.5,1689125400000
292,0.99741,0.99747,0.99734,0.99741,6.6,1689127200000
293,0.99741,0.99756,0.99741,0.99752,6.4,1689129000000
294,0.99746,0.99756,0.99746,0.99752,6.5,1689130800000
295,0.99751,0.99759,0.99746,0.99752,6.6,1689132600000
296,0.99751,0.99762,0.99746,0.99761,6.6,1689134400000
297,0.99762,0.99769,0.99756,0.99762,6.7,1689136200000
298,0.99761,0.99767,0.99754,0.99756,6.6,1689138000000
299,0.99762,0.99766,0.99744,0.99752,6.6,1689139800000
300,0.99751,0.99767,0.99746,0.99762,6.8,1689141600000
301,0.99762,0.99767,0.99756,0.99762,6.5,1689143400000
302,0.99762,0.99762,0.99757,0.99762,6.7,1689145200000
303,0.99762,0.99769,0.99754,0.99761,6.5,1689147000000
304,0.99767,0.99767,0.99759,0.99762,6.3,1689148800000
305,0.99757,0.99766,0.99756,0.99761,6.5,1689150600000
306,0.99761,0.99764,0.99751,0.99761,6.5,1689152400000
307,0.99761,0.99767,0.99756,0.99762,6.5,1689154200000
308,0.99761,0.99767,0.99756,0.99761,6.4,1689156000000
309,0.99761,0.99772,0.99734,0.99772,197.3,1689157800000
310,0.99761,0.99904,0.99735,0.99761,1323.0,1689159600000
311,0.99761,0.99761,0.99732,0.99741,6.3,1689161400000
312,0.99740,0.99751,0.99735,0.99751,6.2,1689163200000
313,0.99750,0.99759,0.99738,0.99741,1713.0,1689165000000
314,0.99741,0.99743,0.99729,0.99731,6.4,1689166800000
315,0.99731,0.99771,0.99729,0.99768,6.9,1689168600000
316,0.99770,0.99779,0.99769,0.99771,6.7,1689170400000
317,0.99769,0.99769,0.99548,0.99766,693.4,1689172200000
318,0.99765,0.99766,0.99759,0.99761,6.8,1689174000000
319,0.99759,0.99762,0.99757,0.99760,68.2,1689175800000
320,0.99760,0.99760,0.99758,0.99759,6.7,1689177600000
321,0.99759,0.99762,0.99758,0.99759,6.4,1689179400000
322,0.99758,0.99760,0.99756,0.99757,6.3,1689181200000
323,0.99757,0.99759,0.99757,0.99758,6.6,1689183000000
324,0.99757,0.99776,0.99757,0.99773,507.2,1689184800000
325,0.99773,1.00019,0.99734,0.99766,851.8,1689186600000
326,0.99766,0.99774,0.99747,0.99747,772.6,1689188400000
327,0.99747,0.99752,0.99737,0.99747,6.3,1689190200000
328,0.99747,0.99752,0.99742,0.99747,6.5,1689192000000
329,0.99747,0.99752,0.99740,0.99752,6.4,1689193800000
330,0.99747,0.99747,0.99739,0.99747,6.6,1689195600000
331,0.99747,0.99752,0.99742,0.99747,6.6,1689197400000
332,0.99747,0.99752,0.99738,0.99739,6.7,1689199200000
333,0.99739,0.99747,0.99486,0.99746,150.1,1689201000000
334,0.99746,0.99751,0.99738,0.99741,6.6,1689202800000
335,0.99749,0.99751,0.99585,0.99734,6.8,1689204600000
336,0.99735,0.99968,0.99579,0.99697,6.3,1689206400000
337,0.99734,0.99752,0.99734,0.99747,6.7,1689208200000
338,0.99747,0.99890,0.99734,0.99746,6.8,1689210000000
339,0.99746,0.99761,0.99734,0.99748,6.1,1689211800000
340,0.99747,0.99797,0.99548,0.99766,28.1,1689213600000
341,0.99766,0.99797,0.99761,0.99766,6.2,1689215400000
342,0.99766,0.99922,0.99735,0.99771,6.6,1689217200000
343,0.99766,0.99771,0.99748,0.99756,6.4,1689219000000
344,0.99756,0.99922,0.99756,0.99766,6.8,1689220800000
345,0.99766,0.99797,0.99756,0.99756,6.8,1689222600000
346,0.99766,0.99859,0.99672,0.99766,6.4,1689224400000
347,0.99766,0.99797,0.99672,0.99766,6.6,1689226200000
348,0.99766,0.99921,0.99761,0.99766,6.6,1689228000000
349,0.99766,0.99797,0.99548,0.99756,321.9,1689229800000
350,0.99756,0.99904,0.99751,0.99756,6.1,1689231600000
351,0.99756,0.99797,0.99748,0.99766,6.4,1689233400000
352,0.99756,0.99766,0.99751,0.99751,6.4,1689235200000
353,0.99756,0.99763,0.99751,0.99756,6.3,1689237000000
354,0.99751,0.99761,0.99751,0.99756,6.7,1689238800000
355,0.99756,0.99771,0.99751,0.99766,6.7,1689240600000
356,0.99771,0.99771,0.99761,0.99766,6.3,1689242400000
357,0.99766,0.99771,0.99761,0.99766,6.8,1689244200000
358,0.99766,0.99771,0.99761,0.99766,6.3,1689246000000
359,0.99766,0.99797,0.99766,0.99766,6.0,1689247800000
360,0.99766,0.99771,0.99759,0.99766,6.8,1689249600000
361,0.99766,0.99771,0.99761,0.99766,6.4,1689251400000
362,0.99766,0.99771,0.99761,0.99766,6.7,1689253200000
363,0.99766,0.99771,0.99738,0.99738,6.8,1689255000000
364,0.99738,0.99739,0.99710,0.99723,2451.8,1689256800000
365,0.99733,0.99738,0.99728,0.99733,7.0,1689258600000
366,0.99733,0.99738,0.99713,0.99723,36.6,1689260400000
367,0.99723,0.99777,0.99723,0.99763,6.7,1689262200000
368,0.99763,0.99768,0.99733,0.99733,6.9,1689264000000
369,0.99733,0.99740,0.99723,0.99733,359.3,1689265800000
370,0.99733,0.99938,0.99714,0.99714,500.3,1689267600000
371,0.99714,0.99717,0.99709,0.99714,6.5,1689269400000
372,0.99719,0.99738,0.99423,0.99586,1346.0,1689271200000
373,0.99585,0.99741,0.99585,0.99720,6.7,1689273000000
374,0.99720,0.99746,0.99691,0.99701,262.5,1689274800000
375,0.99577,0.99655,0.99500,0.99578,7.0,1689276600000
376,0.99578,0.99654,0.99492,0.99562,6.8,1689278400000
377,0.99562,0.99631,0.99527,0.99562,6.6,1689280200000
378,0.99562,0.99630,0.99479,0.99562,49.1,1689282000000
379,0.99566,0.99638,0.99495,0.99566,6.6,1689283800000
380,0.99566,0.99638,0.99495,0.99566,6.8,1689285600000
381,0.99481,0.99638,0.99481,0.99567,54.5,1689287400000
382,0.99566,0.99638,0.99481,0.99567,77.8,1689289200000
383,0.99495,0.99681,0.99495,0.99681,6.7,1689291000000
384,0.99681,0.99707,0.99500,0.99692,6.6,1689292800000
385,0.99692,0.99707,0.99572,0.99692,7.3,1689294600000
386,0.99692,0.99719,0.99662,0.99692,6.9,1689296400000
387,0.99692,0.99716,0.99665,0.99692,6.9,1689298200000
388,0.99692,0.99719,0.99662,0.99702,6.6,1689300000000
389,0.99702,0.99735,0.99695,0.99695,6.1,1689301800000
390,0.99679,0.99736,0.99679,0.99711,6.7,1689303600000
391,0.99711,0.99733,0.99695,0.99711,6.1,1689305400000
392,0.99711,0.99742,0.99679,0.99711,7.1,1689307200000
393,0.99711,0.99740,0.99583,0.99711,6.6,1689309000000
394,0.99711,0.99726,0.99686,0.99702,6.7,1689310800000
395,0.99702,0.99726,0.99671,0.99720,6.6,1689312600000
396,0.99720,0.99736,0.99693,0.99697,6.4,1689314400000
397,0.99697,0.99697,0.99575,0.99575,6.3,1689316200000
398,0.99575,0.99698,0.99499,0.99556,6.7,1689318000000
399,0.99642,0.99684,0.99599,0.99684,6.8,1689319800000
400,0.99641,0.99723,0.99556,0.99668,21.0,1689321600000
401,0.99667,0.99723,0.99584,0.99667,6.9,1689323400000
402,0.99667,0.99796,0.99605,0.99702,88.0,1689325200000
403,0.99702,0.99751,0.99653,0.99702,6.8,1689327000000
404,0.99702,0.99800,0.99629,0.99780,80.1,1689328800000
405,0.99779,0.99787,0.99778,0.99780,6.7,1689330600000
406,0.99780,0.99780,0.99395,0.99527,53.8,1689332400000
407,0.99527,0.99527,0.99395,0.99527,6.9,1689334200000
408,0.99527,0.99784,0.99398,0.99532,7.0,1689336000000
409,0.99532,0.99665,0.99396,0.99527,6.8,1689337800000
410,0.99527,0.99659,0.99395,0.99527,6.8,1689339600000
411,0.99527,0.99527,0.99396,0.99527,6.9,1689341400000
412,0.99527,0.99658,0.99527,0.99527,6.4,1689343200000
413,0.99527,0.99527,0.99395,0.99527,6.8,1689345000000
414,0.99527,0.99658,0.99330,0.99527,6.8,1689346800000
415,0.99527,0.99659,0.99330,0.99527,7.2,1689348600000
416,0.99527,0.99789,0.99397,0.99530,7.2,1689350400000
417,0.99530,0.99664,0.99397,0.99663,6.9,1689352200000
418,0.99530,0.99663,0.99397,0.99397,6.7,1689354000000
419,0.99596,0.99663,0.99397,0.99530,6.9,1689355800000
420,0.99530,0.99530,0.99397,0.99530,6.5,1689357600000
421,0.99397,0.99663,0.99397,0.99530,6.6,1689359400000
422,0.99530,0.99760,0.99397,0.99715,6.7,1689361200000
423,0.99716,0.99755,0.99690,0.99716,7.0,1689363000000
424,0.99715,0.99755,0.99678,0.99715,6.4,1689364800000
425,0.99716,0.99741,0.99690,0.99716,6.6,1689366600000
426,0.99716,0.99753,0.99365,0.99515,4245.6,1689368400000
427,0.99515,0.99515,0.99389,0.99515,6.4,1689370200000
428,0.99515,0.99641,0.99389,0.99515,6.6,1689372000000
429,0.99389,0.99641,0.99389,0.99515,6.3,1689373800000
430,0.99515,0.99641,0.99390,0.99515,6.8,1689375600000
431,0.99515,0.99640,0.99389,0.99637,6.5,1689377400000
432,0.99637,0.99637,0.99386,0.99508,6.3,1689379200000
433,0.99630,0.99770,0.99384,0.99504,6.6,1689381000000
434,0.99504,0.99635,0.99504,0.99505,6.4,1689382800000
435,0.99505,0.99769,0.99384,0.99729,6.8,1689384600000
436,0.99730,0.99741,0.99719,0.99734,6.1,1689386400000
437,0.99735,0.99767,0.99634,0.99736,713.2,1689388200000
438,0.99735,0.99741,0.99730,0.99736,6.6,1689390000000
439,0.99736,0.99770,0.99500,0.99732,6.7,1689391800000
440,0.99733,0.99820,0.99496,0.99733,6.6,1689393600000
441,0.99733,0.99769,0.99634,0.99732,6.8,1689395400000
442,0.99733,0.99770,0.99450,0.99732,6.8,1689397200000
443,0.99732,0.99733,0.99634,0.99732,6.2,1689399000000
444,0.99732,0.99844,0.99413,0.99732,134.4,1689400800000
445,0.99732,0.99844,0.99709,0.99742,6.8,1689402600000
446,0.99747,0.99849,0.99732,0.99743,6.4,1689404400000
447,0.99849,1.00067,0.99631,0.99741,6.3,1689406200000
448,0.99742,0.99849,0.99714,0.99736,6.6,1689408000000
449,0.99741,0.99849,0.99731,0.99742,7.3,1689409800000
450,0.99741,0.99742,0.99731,0.99731,7.1,1689411600000
451,0.99737,0.99847,0.99711,0.99737,6.8,1689413400000
452,0.99737,0.99847,0.99587,0.99742,39.3,1689415200000
453,0.99742,1.00110,0.99736,0.99742,85.9,1689417000000
454,0.99741,0.99752,0.98340,0.99752,907.4,1689418800000
455,0.99752,0.99781,0.99740,0.99781,8.4,1689420600000
456,0.99781,0.99906,0.99781,0.99781,9.1,1689422400000
457,0.99781,0.99891,0.99760,0.99781,25.2,1689424200000
458,0.99781,0.99781,0.99781,0.99781,8.6,1689426000000
459,0.99781,0.99781,0.99760,0.99760,18.1,1689427800000
460,0.99760,0.99760,0.99760,0.99760,0.0,1689429600000
461,0.99781,0.99890,0.99760,0.99781,12.4,1689431400000
462,0.99892,0.99909,0.99760,0.99781,13.2,1689433200000
463,0.99781,0.99781,0.99760,0.99781,21.5,1689435000000
464,0.99781,0.99903,0.99750,0.99776,18.1,1689436800000
465,0.99776,0.99781,0.99761,0.99761,8.7,1689438600000
466,0.99761,0.99895,0.99761,0.99761,8.9,1689440400000
467,0.99761,0.99905,0.99759,0.99759,9.1,1689442200000
468,0.99759,0.99759,0.99738,0.99743,35.5,1689444000000
469,0.99743,0.99904,0.98714,0.99738,86.9,1689445800000
470,0.99759,0.99759,0.99738,0.99759,94.9,1689447600000
471,0.99759,0.99909,0.99759,0.99760,9.0,1689449400000
472,0.99760,0.99760,0.99739,0.99760,38.3,1689451200000
473,0.99760,0.99760,0.99760,0.99760,9.1,1689453000000
474,0.99760,0.99760,0.99739,0.99744,38.3,1689454800000
475,0.99744,0.99760,0.98660,0.98660,373.9,1689456600000
476,0.98660,0.98660,0.98660,0.98660,0.0,1689458400000
477,0.99760,0.99760,0.99760,0.99760,120.0,1689460200000
478,0.99760,0.99760,0.99760,0.99760,9.1,1689462000000
479,0.99760,0.99919,0.99738,0.99919,38.0,1689463800000
480,0.99919,0.99941,0.99748,0.99748,23.5,1689465600000
481,0.99748,0.99769,0.99748,0.99769,23.9,1689467400000
482,0.99769,0.99912,0.99748,0.99769,38.4,1689469200000
483,0.99769,0.99909,0.99769,0.99769,8.8,1689471000000
484,0.99769,0.99909,0.99748,0.99769,38.3,1689472800000
485,0.99769,0.99912,0.99769,0.99769,8.9,1689474600000
486,0.99915,0.99915,0.99010,0.99010,6.8,1689476400000
487,0.99748,0.99763,0.98806,0.99758,6.4,1689478200000
488,0.99758,0.99764,0.98768,0.99758,6.5,1689480000000
489,0.99754,0.99754,0.99195,0.99271,6.1,1689481800000
490,0.99739,0.99786,0.99196,0.99749,7.1,1689483600000
491,0.99748,0.99749,0.99205,0.99739,6.5,1689485400000
492,0.99739,0.99749,0.98661,0.99749,6.8,1689487200000
493,0.99749,0.99750,0.99003,0.99749,70.3,1689489000000
494,0.99749,0.99750,0.99003,0.99074,6.2,1689490800000
495,0.99074,0.99412,0.98735,0.99073,6.7,1689492600000
496,0.99074,0.99412,0.98736,0.99073,6.5,1689494400000
497,0.99073,0.99412,0.98734,0.98734,6.6,1689496200000
498,0.99073,0.99411,0.98734,0.99078,6.4,1689498000000
499,0.99078,0.99078,0.98630,0.99078,6.8,1689499800000
500,0.99078,0.99629,0.98675,0.99507,92.9,1689501600000
501,0.99507,0.99629,0.99362,0.99507,32.5,1689503400000
502,0.99507,0.99628,0.99385,0.99385,6.1,1689505200000
503,0.99220,0.99750,0.98824,0.99220,9.9,1689507000000
504,0.99220,0.99485,0.98956,0.99221,6.4,1689508800000
505,0.99220,0.99485,0.98956,0.99220,6.3,1689510600000
506,0.99220,0.99487,0.98757,0.99234,6.6,1689512400000
507,0.99236,0.99734,0.98981,0.99729,6.6,1689514200000
508,0.99729,0.99745,0.99596,0.99699,109.6,1689516000000
509,0.99699,0.99725,0.99674,0.99699,6.7,1689517800000
510,0.99699,0.99725,0.99673,0.99699,6.6,1689519600000
511,0.99699,0.99723,0.99673,0.99699,6.9,1689521400000
512,0.99699,0.99725,0.99674,0.99699,6.7,1689523200000
513,0.99699,0.99758,0.99673,0.99705,140.6,1689525000000
514,0.99706,0.99740,0.99677,0.99706,47.1,1689526800000
515,0.99705,0.99734,0.99677,0.99705,6.7,1689528600000
516,0.99706,0.99734,0.99663,0.99698,6.6,1689530400000
517,0.99698,0.99723,0.99698,0.99698,6.8,1689532200000
518,0.99698,0.99723,0.99650,0.99658,7.3,1689534000000
519,0.99658,0.99711,0.99547,0.99558,8.4,1689535800000
520,0.99562,0.99574,0.99547,0.99558,6.7,1689537600000
521,0.99557,0.99608,0.99548,0.99558,6.1,1689539400000
522,0.99557,0.99565,0.99553,0.99560,6.4,1689541200000
523,0.99561,0.99576,0.99549,0.99560,6.7,1689543000000
524,0.99560,0.99568,0.99553,0.99556,6.8,1689544800000
525,0.99556,0.99619,0.99548,0.99560,6.7,1689546600000
526,0.99560,0.99575,0.99548,0.99560,6.3,1689548400000
527,0.99560,0.99631,0.99546,0.99631,6.7,1689550200000
528,0.99588,0.99760,0.99553,0.99560,6.7,1689552000000
529,0.99553,0.99576,0.99549,0.99561,6.7,1689553800000
530,0.99560,0.99568,0.99545,0.99560,21.2,1689555600000
531,0.99561,0.99616,0.99549,0.99565,6.4,1689557400000
532,0.99558,0.99572,0.99551,0.99559,6.9,1689559200000
533,0.99559,0.99629,0.99548,0.99559,6.5,1689561000000
534,0.99566,0.99596,0.99547,0.99560,6.8,1689562800000
535,0.99560,0.99589,0.99549,0.99562,6.6,1689564600000
536,0.99563,0.99687,0.99550,0.99616,7.0,1689566400000
537,0.99616,0.99651,0.99553,0.99577,6.3,1689568200000
538,0.99577,0.99685,0.99554,0.99617,6.5,1689570000000
539,0.99617,0.99632,0.99554,0.99562,6.9,1689571800000
540,0.99562,0.99632,0.99554,0.99562,6.7,1689573600000
541,0.99562,0.99571,0.99554,0.99563,6.5,1689575400000
542,0.99562,0.99580,0.99551,0.99567,6.7,1689577200000
543,0.99567,0.99576,0.99554,0.99567,6.5,1689579000000
544,0.99567,0.99595,0.99554,0.99567,6.8,1689580800000
545,0.99567,0.99912,0.99554,0.99621,6.7,1689582600000
546,0.99567,0.99693,0.99567,0.99567,6.7,1689584400000
547,0.99567,0.99643,0.99554,0.99604,6.6,1689586200000
548,0.99577,0.99604,0.99556,0.99572,6.2,1689588000000
549,0.99572,0.99583,0.99555,0.99572,7.0,1689589800000
550,0.99572,0.99583,0.99561,0.99572,6.4,1689591600000
551,0.99572,0.99659,0.99555,0.99600,7.2,1689593400000
552,0.99594,0.99594,0.99553,0.99572,6.8,1689595200000
553,0.99572,0.99627,0.99552,0.99572,7.0,1689597000000
554,0.99572,0.99599,0.99555,0.99572,6.8,1689598800000
555,0.99572,0.99583,0.99555,0.99572,6.9,1689600600000
556,0.99572,0.99583,0.99561,0.99572,7.0,1689602400000
557,0.99572,0.99583,0.99561,0.99572,6.4,1689604200000
558,0.99572,0.99689,0.99074,0.99421,549.4,1689606000000
559,0.99421,0.99595,0.99247,0.99421,7.0,1689607800000
560,0.99421,0.99595,0.99247,0.99421,6.8,1689609600000
561,0.99421,0.99595,0.99248,0.99595,6.8,1689611400000
562,0.99334,0.99594,0.99247,0.99421,6.9,1689613200000
563,0.99421,0.99602,0.99250,0.99426,6.4,1689615000000
564,0.99426,0.99602,0.99250,0.99602,6.8,1689616800000
565,0.99426,0.99602,0.99250,0.99426,6.6,1689618600000
566,0.99426,0.99426,0.99250,0.99426,6.7,1689620400000
567,0.99426,0.99690,0.99250,0.99405,6.7,1689622200000
568,0.99406,0.99571,0.99157,0.99405,6.5,1689624000000
569,0.99405,0.99571,0.99240,0.99405,6.8,1689625800000
570,0.99406,0.99571,0.99240,0.99405,6.4,1689627600000
571,0.99406,0.99571,0.99240,0.99405,6.7,1689629400000
572,0.99406,0.99704,0.99240,0.99411,6.7,1689631200000
573,0.99411,0.99578,0.99242,0.99410,6.1,1689633000000
574,0.99411,0.99578,0.99242,0.99411,6.3,1689634800000
575,0.99410,0.99579,0.99242,0.99550,6.5,1689636600000
576,0.99549,0.99787,0.99242,0.99410,7.0,1689638400000
577,0.99411,0.99578,0.99159,0.99410,6.7,1689640200000
578,0.99410,0.99579,0.99242,0.99410,6.9,1689642000000
579,0.99410,0.99578,0.99242,0.99242,6.6,1689643800000
580,0.99411,0.99411,0.99242,0.99411,7.0,1689645600000
581,0.99243,0.99746,0.99242,0.99428,195.7,1689647400000
582,0.99428,0.99586,0.99270,0.99428,6.9,1689649200000
583,0.99428,0.99586,0.99271,0.99428,6.5,1689651000000
584,0.99428,0.99586,0.99270,0.99270,6.6,1689652800000
585,0.99428,0.99585,0.99192,0.99192,6.7,1689654600000
586,0.99428,0.99586,0.99270,0.99271,6.6,1689656400000
587,0.99428,0.99586,0.99192,0.99428,6.8,1689658200000
588,0.99428,0.99641,0.99239,0.99540,376.0,1689660000000
589,0.99541,0.99642,0.99439,0.99541,6.8,1689661800000
590,0.99541,0.99642,0.99439,0.99540,7.0,1689663600000
591,0.99541,0.99692,0.99540,0.99541,6.6,1689665400000
592,0.99541,0.99642,0.99439,0.99540,6.8,1689667200000
593,0.99540,0.99692,0.99438,0.99538,7.0,1689669000000
594,0.99637,0.99637,0.99438,0.99538,6.6,1689670800000
595,0.99538,0.99637,0.99438,0.99537,6.3,1689672600000
596,0.99537,0.99637,0.99438,0.99537,6.9,1689674400000
597,0.99538,0.99637,0.99438,0.99537,6.6,1689676200000
598,0.99537,0.99637,0.99437,0.99537,6.7,1689678000000
599,0.99537,0.99661,0.99437,0.99586,6.7,1689679800000
600,0.99586,0.99661,0.99512,0.99587,6.8,1689681600000
601,0.99587,0.99706,0.99586,0.99586,6.7,1689683400000
602,0.99587,0.99587,0.99512,0.99587,6.8,1689685200000
603,0.99661,0.99676,0.99497,0.99616,140.5,1689687000000
604,0.99616,0.99676,0.99557,0.99647,6.8,1689688800000
605,0.99646,0.99691,0.99602,0.99646,6.9,1689690600000
606,0.99646,0.99748,0.99557,0.99737,124.9,1689692400000
607,0.99732,0.99743,0.99726,0.99737,57.4,1689694200000
608,0.99737,0.99743,0.99731,0.99737,6.9,1689696000000
609,0.99737,0.99743,0.99737,0.99737,6.8,1689697800000
610,0.99737,0.99746,0.99440,0.99440,7.1,1689699600000
611,0.99440,0.99604,0.99277,0.99440,6.8,1689701400000
612,0.99440,0.99604,0.99276,0.99440,6.9,1689703200000
613,0.99440,0.99604,0.99277,0.99440,6.5,1689705000000
614,0.99276,0.99856,0.99244,0.99570,1423.9,1689706800000
615,0.99570,0.99662,0.99459,0.99568,565.5,1689708600000
616,0.99567,0.99785,0.99371,0.99372,6.5,1689710400000
617,0.99498,0.99786,0.99498,0.99729,6.6,1689712200000
618,0.99729,0.99786,0.99723,0.99727,6.6,1689714000000
619,0.99728,0.99786,0.99717,0.99728,6.7,1689715800000
620,0.99728,0.99786,0.99712,0.99717,6.7,1689717600000
621,0.99717,0.99723,0.99712,0.99717,6.6,1689719400000
622,0.99717,0.99723,0.99712,0.99718,6.4,1689721200000
623,0.99718,0.99846,0.99446,0.99646,6.6,1689723000000
624,0.99446,0.99846,0.99446,0.99487,7.3,1689724800000
625,0.99488,0.99781,0.99367,0.99488,7.0,1689726600000
626,0.99786,0.99786,0.99355,0.99493,571.4,1689728400000
627,0.99493,0.99786,0.99370,0.99492,6.8,1689730200000
628,0.99493,0.99908,0.99370,0.99728,7.0,1689732000000
629,0.99728,0.99786,0.99370,0.99493,6.7,1689733800000
630,0.99492,0.99786,0.99492,0.99727,7.3,1689735600000
631,0.99726,1.00025,0.99651,0.99725,6.9,1689737400000
632,0.99725,0.99786,0.99724,0.99725,6.7,1689739200000
633,0.99725,0.99786,0.99651,0.99724,6.6,1689741000000
634,0.99725,0.99786,0.99449,0.99724,6.6,1689742800000
635,0.99725,0.99786,0.99449,0.99735,6.1,1689744600000
636,0.99724,0.99786,0.99717,0.99725,6.6,1689746400000
637,0.99724,0.99730,0.99717,0.99725,6.4,1689748200000
638,0.99725,0.99730,0.99719,0.99724,6.4,1689750000000
639,0.99725,0.99729,0.99719,0.99724,7.0,1689751800000
640,0.99725,0.99729,0.99720,0.99725,7.2,1689753600000
641,0.99725,0.99729,0.99709,0.99709,6.4,1689755400000
642,0.99714,0.99720,0.99707,0.99714,6.7,1689757200000
643,0.99714,0.99719,0.99113,0.99572,103.4,1689759000000
644,0.99419,0.99648,0.99266,0.99419,6.8,1689760800000
645,0.99419,0.99419,0.99266,0.99419,6.3,1689762600000
646,0.99419,0.99572,0.99266,0.99419,6.5,1689764400000
647,0.99419,0.99572,0.99419,0.99419,6.7,1689766200000
648,0.99266,0.99714,0.99236,0.99481,107.6,1689768000000
649,0.99481,0.99778,0.99301,0.99483,947.5,1689769800000
650,0.99483,0.99605,0.99361,0.99483,7.0,1689771600000
651,0.99483,0.99604,0.99361,0.99483,7.2,1689773400000
652,0.99483,0.99604,0.99362,0.99483,6.8,1689775200000
653,0.99483,0.99604,0.99361,0.99483,7.0,1689777000000
654,0.99483,0.99665,0.99361,0.99483,6.9,1689778800000
655,0.99483,0.99491,0.99365,0.99490,6.4,1689780600000
656,0.99491,0.99616,0.99365,0.99491,6.6,1689782400000
657,0.99491,0.99615,0.99490,0.99490,7.0,1689784200000
658,0.99491,0.99787,0.99365,0.99729,6.4,1689786000000
659,0.99729,0.99735,0.99722,0.99728,6.6,1689787800000
660,0.99728,0.99733,0.99702,0.99708,6.8,1689789600000
661,0.99707,0.99713,0.99698,0.99699,6.5,1689791400000
662,0.99698,0.99699,0.99698,0.99699,6.6,1689793200000
663,0.99698,0.99700,0.99332,0.99516,5045.4,1689795000000
664,0.99516,0.99608,0.99378,0.99516,6.3,1689796800000
665,0.99516,0.99608,0.99424,0.99516,7.0,1689798600000
666,0.99516,0.99608,0.99424,0.99562,7.0,1689800400000
667,0.99562,0.99562,0.99493,0.99562,6.7,1689802200000
668,0.99562,0.99631,0.99493,0.99493,6.2,1689804000000
669,0.99562,0.99665,0.99493,0.99562,6.8,1689805800000
670,0.99562,0.99631,0.99493,0.99562,6.6,1689807600000
671,0.99631,0.99631,0.99260,0.99260,97.7,1689809400000
672,0.99406,0.99407,0.99260,0.99406,6.5,1689811200000
673,0.99406,0.99553,0.99186,0.99406,6.8,1689813000000
674,0.99406,0.99553,0.99260,0.99406,6.6,1689814800000
675,0.99406,0.99553,0.99260,0.99407,7.0,1689816600000
676,0.99407,0.99407,0.99260,0.99407,6.3,1689818400000
677,0.99406,0.99553,0.99260,0.99406,6.7,1689820200000
678,0.99407,0.99553,0.99406,0.99407,6.4,1689822000000
679,0.99407,0.99553,0.99186,0.99260,6.8,1689823800000
680,0.99406,0.99700,0.99260,0.99407,506.5,1689825600000
681,0.99406,0.99553,0.99260,0.99406,6.3,1689827400000
682,0.99406,0.99553,0.99260,0.99406,6.9,1689829200000
683,0.99407,0.99553,0.99260,0.99406,6.7,1689831000000
684,0.99407,0.99553,0.99260,0.99407,6.6,1689832800000
685,0.99406,0.99553,0.99260,0.99407,6.7,1689834600000
686,0.99407,0.99553,0.99260,0.99407,6.9,1689836400000
687,0.99406,0.99572,0.99186,0.99443,36.8,1689838200000
688,0.99443,0.99443,0.99251,0.99443,6.5,1689840000000
689,0.99443,0.99700,0.99314,0.99489,6.6,1689841800000
690,0.99489,0.99641,0.99489,0.99489,6.7,1689843600000
691,0.99490,0.99641,0.99338,0.99489,6.6,1689845400000
692,0.99641,0.99750,0.99338,0.99480,6.6,1689847200000
693,0.99480,0.99626,0.99333,0.99480,6.5,1689849000000
694,0.99480,0.99880,0.99304,0.99761,514.5,1689850800000
695,0.99761,0.99767,0.99756,0.99761,6.5,1689852600000
696,0.99761,0.99772,0.99756,0.99762,6.6,1689854400000
697,0.99762,0.99762,0.99761,0.99761,6.2,1689856200000
698,0.99762,0.99772,0.99756,0.99762,7.9,1689858000000
699,0.99762,0.99767,0.99751,0.99762,6.6,1689859800000
700,0.99761,0.99776,0.99761,0.99772,6.6,1689861600000
701,0.99771,0.99777,0.99767,0.99772,6.9,1689863400000
702,0.99772,0.99776,0.99602,0.99772,6.9,1689865200000
703,0.99771,0.99777,0.99766,0.99772,6.9,1689867000000
704,0.99766,0.99777,0.99761,0.99777,6.4,1689868800000
705,0.99788,0.99793,0.99783,0.99787,6.8,1689870600000
706,0.99787,0.99793,0.99602,0.99780,6.6,1689872400000
707,0.99780,0.99787,0.99364,0.99787,114.7,1689874200000
708,0.99788,0.99795,0.99772,0.99777,7.1,1689876000000
709,0.99773,0.99782,0.99772,0.99777,6.8,1689877800000
710,0.99778,0.99778,0.99304,0.99546,36.1,1689879600000
711,0.99546,0.99667,0.99486,0.99546,7.0,1689881400000
712,0.99546,0.99667,0.99546,0.99546,6.4,1689883200000
713,0.99546,0.99667,0.99546,0.99546,6.5,1689885000000
714,0.99546,0.99724,0.99544,0.99544,6.6,1689886800000
715,0.99545,0.99664,0.99544,0.99544,6.8,1689888600000
716,0.99545,0.99665,0.99485,0.99544,6.9,1689890400000
717,0.99544,0.99694,0.99364,0.99604,155.9,1689892200000
718,0.99604,0.99694,0.99559,0.99604,6.9,1689894000000
719,0.99604,0.99752,0.99604,0.99662,6.5,1689895800000
720,0.99662,0.99781,0.99543,0.99694,6.7,1689897600000
721,0.99604,0.99781,0.99604,0.99604,6.9,1689899400000
722,0.99604,0.99781,0.99424,0.99604,7.0,1689901200000
723,0.99604,0.99739,0.99543,0.99603,6.7,1689903000000
724,0.99603,0.99693,0.99603,0.99603,6.5,1689904800000
725,0.99603,0.99693,0.99559,0.99559,6.8,1689906600000
726,0.99603,0.99693,0.99514,0.99648,7.0,1689908400000
727,0.99648,0.99774,0.99648,0.99648,6.8,1689910200000
728,0.99648,0.99715,0.99648,0.99648,6.9,1689912000000
729,0.99648,0.99745,0.99648,0.99648,6.8,1689913800000
730,0.99648,0.99723,0.99583,0.99653,7.2,1689915600000
731,0.99653,0.99723,0.99653,0.99707,6.6,1689917400000
732,0.99707,0.99723,0.99653,0.99653,6.7,1689919200000
733,0.99653,0.99722,0.99584,0.99584,7.1,1689921000000
734,0.99653,0.99776,0.99653,0.99653,7.0,1689922800000
735,0.99653,0.99723,0.99618,0.99653,6.6,1689924600000
736,0.99653,0.99723,0.99653,0.99653,6.9,1689926400000
737,0.99653,0.99757,0.99653,0.99723,6.8,1689928200000
738,0.99653,0.99722,0.99648,0.99648,6.8,1689930000000
739,0.99648,0.99745,0.99630,0.99648,6.7,1689931800000
740,0.99648,0.99715,0.99613,0.99646,6.4,1689933600000
741,0.99646,0.99743,0.99581,0.99647,6.7,1689935400000
742,0.99647,0.99713,0.99613,0.99647,6.9,1689937200000
743,0.99646,0.99713,0.99646,0.99646,6.7,1689939000000
744,0.99646,0.99779,0.99580,0.99769,69.8,1689940800000
745,0.99768,0.99778,0.99763,0.99776,6.9,1689942600000
746,0.99776,0.99778,0.99766,0.99768,7.1,1689944400000
747,0.99769,0.99774,0.99763,0.99768,6.9,1689946200000
748,0.99769,0.99774,0.99763,0.99769,7.1,1689948000000
749,0.99769,0.99774,0.99761,0.99769,6.9,1689949800000
750,0.99769,0.99774,0.99768,0.99769,6.9,1689951600000
751,0.99769,0.99773,0.99768,0.99769,6.9,1689953400000
752,0.99768,0.99784,0.99763,0.99778,6.1,1689955200000
753,0.99779,0.99786,0.99773,0.99778,6.1,1689957000000
754,0.99778,0.99784,0.99773,0.99778,6.2,1689958800000
755,0.99778,0.99779,0.99773,0.99779,6.5,1689960600000
756,0.99779,0.99783,0.99773,0.99779,6.8,1689962400000
757,0.99779,0.99788,0.99773,0.99778,6.5,1689964200000
758,0.99779,0.99783,0.99763,0.99769,6.6,1689966000000
759,0.99769,0.99773,0.99763,0.99763,6.7,1689967800000
760,0.99773,0.99773,0.99763,0.99773,6.8,1689969600000
761,0.99768,0.99774,0.99763,0.99771,6.8,1689971400000
762,0.99769,0.99773,0.99763,0.99769,6.9,1689973200000
763,0.99769,0.99776,0.99763,0.99769,6.6,1689975000000
764,0.99768,0.99773,0.99764,0.99769,6.8,1689976800000
765,0.99768,0.99774,0.99764,0.99769,6.4,1689978600000
766,0.99769,0.99773,0.99763,0.99763,6.9,1689980400000
767,0.99768,0.99834,0.99602,0.99602,6.9,1689982200000
768,0.99602,0.99774,0.99602,0.99769,6.7,1689984000000
769,0.99768,0.99773,0.99602,0.99768,6.5,1689985800000
770,0.99768,0.99774,0.99602,0.99768,6.2,1689987600000
771,0.99769,0.99774,0.99602,0.99602,6.6,1689989400000
772,0.99602,0.99774,0.99602,0.99602,6.8,1689991200000
773,0.99758,0.99774,0.99602,0.99768,6.9,1689993000000
774,0.99769,0.99774,0.99763,0.99763,6.6,1689994800000
775,0.99769,0.99774,0.99602,0.99602,6.7,1689996600000
776,0.99758,0.99776,0.99758,0.99768,6.9,1689998400000
777,0.99769,0.99774,0.99602,0.99768,6.5,1690000200000
778,0.99768,0.99773,0.99602,0.99758,6.6,1690002000000
779,0.99769,0.99774,0.99763,0.99769,6.6,1690003800000
780,0.99769,0.99774,0.99763,0.99769,6.4,1690005600000
781,0.99768,0.99774,0.99760,0.99760,6.8,1690007400000
782,0.99761,0.99763,0.99758,0.99760,6.6,1690009200000
783,0.99760,0.99769,0.99759,0.99761,6.6,1690011000000
784,0.99761,0.99761,0.99759,0.99760,7.1,1690012800000
785,0.99761,0.99762,0.99759,0.99760,6.9,1690014600000
786,0.99760,0.99763,0.99759,0.99760,6.5,1690016400000
787,0.99760,0.99774,0.99424,0.99768,34.0,1690018200000
788,0.99768,0.99774,0.99753,0.99758,6.6,1690020000000
789,0.99758,0.99759,0.99754,0.99759,6.7,1690021800000
790,0.99758,0.99764,0.99753,0.99759,6.4,1690023600000
791,0.99758,0.99764,0.99753,0.99758,6.6,1690025400000
792,0.99764,0.99764,0.99753,0.99758,6.6,1690027200000
793,0.99758,0.99764,0.99602,0.99758,6.9,1690029000000
794,0.99758,0.99763,0.99753,0.99758,6.6,1690030800000
795,0.99759,0.99764,0.99753,0.99764,6.6,1690032600000
796,0.99759,0.99769,0.99753,0.99768,6.7,1690034400000
797,0.99769,0.99769,0.99757,0.99761,6.7,1690036200000
798,0.99761,0.99769,0.99751,0.99764,6.7,1690038000000
799,0.99759,0.99759,0.99364,0.99542,68.2,1690039800000
800,0.99542,0.99660,0.99423,0.99541,6.4,1690041600000
801,0.99541,0.99542,0.99423,0.99542,6.7,1690043400000
802,0.99541,0.99660,0.99423,0.99542,6.4,1690045200000
803,0.99541,0.99660,0.99423,0.99542,6.3,1690047000000
804,0.99541,0.99660,0.99541,0.99542,6.7,1690048800000
805,0.99542,0.99779,0.99399,0.99758,660.6,1690050600000
806,0.99758,0.99763,0.99749,0.99749,6.6,1690052400000
807,0.99750,0.99751,0.99749,0.99749,6.5,1690054200000
808,0.99749,0.99750,0.99748,0.99750,6.5,1690056000000
809,0.99750,0.99758,0.99473,0.99584,361.7,1690057800000
810,0.99583,0.99676,0.99492,0.99583,6.8,1690059600000
811,0.99583,0.99760,0.99492,0.99583,106.4,1690061400000
812,0.99583,0.99760,0.99469,0.99731,6.7,1690063200000
813,0.99731,0.99750,0.99694,0.99731,6.7,1690065000000
814,0.99731,0.99757,0.99722,0.99722,6.4,1690066800000
815,0.99722,0.99800,0.99489,0.99650,195.1,1690068600000
816,0.99649,0.99668,0.99489,0.99578,6.7,1690070400000
817,0.99579,0.99668,0.99489,0.99578,6.6,1690072200000
818,0.99578,0.99668,0.99489,0.99524,6.5,1690074000000
819,0.99579,0.99668,0.99489,0.99578,7.0,1690075800000
820,0.99579,0.99668,0.99489,0.99579,6.8,1690077600000
821,0.99579,0.99668,0.99489,0.99578,6.4,1690079400000
822,0.99578,0.99668,0.99489,0.99579,6.6,1690081200000
823,0.99578,0.99739,0.99489,0.99578,6.8,1690083000000
824,0.99668,0.99703,0.99489,0.99579,6.7,1690084800000
825,0.99579,0.99703,0.99489,0.99649,7.0,1690086600000
826,0.99649,0.99668,0.99489,0.99578,6.3,1690088400000
827,0.99578,0.99650,0.99471,0.99578,2033.0,1690090200000
828,0.99578,0.99668,0.99488,0.99578,6.7,1690092000000
829,0.99578,0.99668,0.99488,0.99578,6.9,1690093800000
830,0.99578,0.99668,0.99489,0.99578,6.8,1690095600000
831,0.99578,0.99668,0.99488,0.99578,6.6,1690097400000
832,0.99578,0.99668,0.99488,0.99578,6.6,1690099200000
833,0.99578,0.99690,0.99488,0.99578,6.5,1690101000000
834,0.99578,0.99774,0.99488,0.99578,6.6,1690102800000
835,0.99578,0.99668,0.99578,0.99578,6.5,1690104600000
836,0.99578,0.99667,0.99489,0.99578,6.1,1690106400000
837,0.99578,0.99668,0.99489,0.99578,6.5,1690108200000
838,0.99578,0.99668,0.99488,0.99578,6.6,1690110000000
839,0.99668,0.99668,0.99489,0.99578,6.5,1690111800000
840,0.99578,0.99668,0.99444,0.99578,6.6,1690113600000
841,0.99578,0.99749,0.99471,0.99721,740.3,1690115400000
842,0.99721,0.99747,0.99559,0.99719,6.9,1690117200000
843,0.99719,0.99757,0.99701,0.99728,248.7,1690119000000
844,0.99728,0.99728,0.99490,0.99536,6.7,1690120800000
845,0.99582,0.99674,0.99582,0.99582,7.2,1690122600000
846,0.99582,0.99674,0.99582,0.99582,6.5,1690124400000
847,0.99582,0.99659,0.99485,0.99572,6.6,1690126200000
848,0.99658,0.99676,0.99469,0.99607,56.6,1690128000000
849,0.99607,0.99711,0.99538,0.99607,6.7,1690129800000
850,0.99607,0.99676,0.99538,0.99607,6.8,1690131600000
851,0.99607,0.99685,0.99538,0.99612,6.7,1690133400000
852,0.99612,0.99755,0.99541,0.99612,6.6,1690135200000
853,0.99726,0.99813,0.99540,0.99612,186.2,1690137000000
854,0.99612,0.99685,0.99540,0.99612,6.5,1690138800000
855,0.99612,0.99683,0.99540,0.99612,6.8,1690140600000
856,0.99612,0.99684,0.99527,0.99612,32.1,1690142400000
857,0.99612,0.99684,0.99612,0.99612,6.8,1690144200000
858,0.99612,0.99684,0.99540,0.99612,6.4,1690146000000
859,0.99612,0.99684,0.99540,0.99612,6.8,1690147800000
860,0.99612,0.99684,0.99540,0.99612,6.0,1690149600000
861,0.99612,0.99684,0.99538,0.99607,7.1,1690151400000
862,0.99607,0.99685,0.99503,0.99607,5.9,1690153200000
863,0.99607,0.99685,0.99503,0.99685,6.4,1690155000000
864,0.99685,0.99745,0.99538,0.99607,6.3,1690156800000
865,0.99607,0.99731,0.99503,0.99607,6.3,1690158600000
866,0.99607,0.99685,0.99538,0.99607,6.7,1690160400000
867,0.99607,0.99684,0.99538,0.99607,6.6,1690162200000
868,0.99607,0.99685,0.99538,0.99607,6.8,1690164000000
869,0.99607,0.99711,0.99538,0.99612,6.6,1690165800000
870,0.99684,0.99684,0.99541,0.99684,6.7,1690167600000
871,0.99684,0.99758,0.99540,0.99617,6.9,1690169400000
872,0.99617,0.99728,0.99543,0.99617,6.7,1690171200000
873,0.99617,0.99691,0.99543,0.99617,6.5,1690173000000
874,0.99685,0.99691,0.99543,0.99617,6.9,1690174800000
875,0.99617,0.99792,0.99469,0.99734,45.7,1690176600000
876,0.99744,0.99744,0.99527,0.99607,36.9,1690178400000
877,0.99607,0.99691,0.99538,0.99617,6.5,1690180200000
878,0.99617,0.99750,0.99302,0.99534,534.9,1690182000000
879,0.99533,0.99649,0.99418,0.99419,6.9,1690183800000
880,0.99361,0.99649,0.99361,0.99532,6.7,1690185600000
881,0.99531,0.99646,0.99417,0.99531,6.4,1690187400000
882,0.99531,0.99646,0.99417,0.99531,6.4,1690189200000
883,0.99532,0.99646,0.99417,0.99532,7.3,1690191000000
884,0.99532,0.99646,0.99303,0.99531,46.7,1690192800000
885,0.99531,0.99646,0.99418,0.99532,7.0,1690194600000
886,0.99532,0.99646,0.99417,0.99531,6.9,1690196400000
887,0.99532,0.99645,0.99417,0.99532,6.8,1690198200000
888,0.99532,0.99646,0.99417,0.99532,6.8,1690200000000
889,0.99417,0.99646,0.99417,0.99532,6.7,1690201800000
890,0.99531,0.99646,0.99417,0.99531,6.9,1690203600000
891,0.99532,0.99760,0.99303,0.99532,9.1,1690205400000
892,0.99532,0.99646,0.99418,0.99531,6.5,1690207200000
893,0.99645,0.99645,0.99417,0.99532,6.6,1690209000000
894,0.99532,0.99532,0.99417,0.99417,6.5,1690210800000
895,0.99532,0.99773,0.99395,0.99762,770.4,1690212600000
896,0.99762,0.99768,0.99757,0.99763,6.7,1690214400000
897,0.99762,0.99768,0.99762,0.99763,6.6,1690216200000
898,0.99762,0.99768,0.99757,0.99762,6.5,1690218000000
899,0.99762,0.99768,0.99758,0.99762,6.6,1690219800000
900,0.99767,0.99773,0.99757,0.99772,6.4,1690221600000
901,0.99772,0.99773,0.99763,0.99765,6.5,1690223400000
902,0.99765,0.99773,0.99763,0.99765,6.0,1690225200000
903,0.99765,0.99767,0.99534,0.99671,14860.3,1690227000000
904,0.99671,0.99699,0.99423,0.99543,11158.0,1690228800000
905,0.99423,0.99723,0.99363,0.99543,6.7,1690230600000
906,0.99543,0.99663,0.99423,0.99543,6.7,1690232400000
907,0.99543,0.99663,0.99423,0.99543,6.6,1690234200000
908,0.99543,0.99543,0.99423,0.99543,6.9,1690236000000
909,0.99663,0.99678,0.99363,0.99573,6.0,1690237800000
910,0.99573,0.99678,0.99447,0.99573,258.1,1690239600000
911,0.99573,0.99766,0.99468,0.99631,6.1,1690241400000
912,0.99631,0.99766,0.99457,0.99550,6.7,1690243200000
913,0.99550,0.99644,0.99550,0.99551,6.6,1690245000000
914,0.99551,0.99644,0.99503,0.99555,6.6,1690246800000
915,0.99651,0.99689,0.99459,0.99555,6.7,1690248600000
916,0.99555,0.99651,0.99459,0.99555,6.8,1690250400000
917,0.99555,0.99651,0.99402,0.99554,108.1,1690252200000
918,0.99555,0.99650,0.99459,0.99555,6.5,1690254000000
919,0.99555,0.99651,0.99459,0.99631,6.0,1690255800000
920,0.99555,0.99765,0.99508,0.99555,6.3,1690257600000
921,0.99556,0.99833,0.99459,0.99598,6.6,1690259400000
922,0.99631,0.99765,0.99411,0.99551,6.1,1690261200000
923,0.99551,0.99766,0.99457,0.99631,6.7,1690263000000
924,0.99550,0.99766,0.99457,0.99551,6.3,1690264800000
925,0.99551,0.99644,0.99457,0.99550,7.0,1690266600000
926,0.99551,0.99644,0.99452,0.99452,6.2,1690268400000
927,0.99541,0.99718,0.99408,0.99541,6.6,1690270200000
928,0.99541,0.99632,0.99452,0.99452,6.9,1690272000000
929,0.99541,0.99632,0.99452,0.99632,6.9,1690273800000
930,0.99632,0.99765,0.99399,0.99560,106.6,1690275600000
931,0.99560,0.99641,0.99464,0.99640,81.5,1690277400000
932,0.99560,0.99649,0.99560,0.99560,6.0,1690279200000
933,0.99560,0.99740,0.99487,0.99575,6.8,1690281000000
934,0.99575,0.99663,0.99487,0.99487,6.6,1690282800000
935,0.99575,0.99774,0.99487,0.99575,6.4,1690284600000
936,0.99575,0.99663,0.99487,0.99575,6.7,1690286400000
937,0.99575,0.99663,0.98124,0.98737,555.7,1690288200000
938,0.98737,0.99244,0.98229,0.98737,31.9,1690290000000
939,0.98737,0.99244,0.98229,0.98737,6.4,1690291800000
940,0.98738,0.99244,0.98230,0.98737,6.7,1690293600000
941,0.98230,0.99244,0.98230,0.98737,6.6,1690295400000
942,0.98737,0.99237,0.98229,0.98727,6.7,1690297200000
943,0.98727,0.99234,0.98220,0.98727,6.3,1690299000000
944,0.98727,0.99487,0.98220,0.98220,6.5,1690300800000
945,0.98727,0.99234,0.98213,0.98722,6.7,1690302600000
946,0.99231,0.99334,0.98112,0.98941,106.3,1690304400000
947,0.98941,0.99342,0.98567,0.98967,6.3,1690306200000
948,0.98967,0.99357,0.98587,0.98991,6.8,1690308000000
949,0.98991,0.99369,0.98471,0.99016,6.7,1690309800000
950,0.99017,0.99639,0.98660,0.99551,6.5,1690311600000
951,0.99551,0.99640,0.99446,0.99552,601.1,1690313400000
952,0.99552,0.99640,0.99463,0.99552,6.6,1690315200000
953,0.99552,0.99552,0.99446,0.99551,36.4,1690317000000
954,0.99551,0.99637,0.99551,0.99551,6.5,1690318800000
955,0.99551,0.99639,0.99463,0.99551,6.5,1690320600000
956,0.99551,1.00551,0.99464,0.99639,3006.9,1690322400000
957,0.99551,1.00445,0.99464,0.99596,6.8,1690324200000
958,0.99596,0.99662,0.99518,0.99595,1904.7,1690326000000
959,0.99596,0.99888,0.99469,0.99469,115.0,1690327800000
960,0.99364,0.99366,0.98750,0.99075,16.3,1690329600000
961,0.99075,0.99400,0.98750,0.99075,6.5,1690331400000
962,0.99400,0.99400,0.98750,0.99075,6.7,1690333200000
963,0.99075,0.99400,0.98750,0.99075,6.8,1690335000000
964,0.99075,0.99400,0.98750,0.99076,6.7,1690336800000
965,0.99076,1.00568,0.99075,0.99075,6.4,1690338600000
966,0.99075,0.99803,0.98750,0.99803,6.8,1690340400000
967,0.99802,0.99802,0.98761,0.99085,6.3,1690342200000
968,0.99085,0.99744,0.99085,0.99725,109.9,1690344000000
969,0.99725,1.00266,0.99725,0.99844,240.3,1690345800000
970,0.99845,0.99955,0.99715,0.99744,411.5,1690347600000
971,0.99735,0.99835,0.99702,0.99720,58.0,1690349400000
972,0.99719,0.99737,0.99719,0.99719,6.3,1690351200000
973,0.99719,0.99754,0.99702,0.99732,96.8,1690353000000
974,0.99733,0.99750,0.99724,0.99750,6.6,1690354800000
975,0.99749,0.99750,0.99749,0.99749,15.3,1690356600000
976,0.99749,0.99750,0.99660,0.99707,320.2,1690358400000
977,0.99707,0.99711,0.99673,0.99692,6.2,1690360200000
978,0.99692,0.99692,0.99662,0.99662,6.1,1690362000000
979,0.99662,0.99729,0.99656,0.99729,45.1,1690363800000
980,0.99730,0.99735,0.99707,0.99718,258.0,1690365600000
981,0.99718,0.99744,0.99695,0.99743,19.8,1690367400000
982,0.99743,0.99750,0.99743,0.99750,19.8,1690369200000
983,0.99749,0.99804,0.99749,0.99803,6.2,1690371000000
984,0.99804,0.99804,0.99803,0.99804,6.9,1690372800000
985,0.99804,0.99804,0.99803,0.99803,6.6,1690374600000
986,0.99804,0.99804,0.99770,0.99775,79.3,1690376400000
987,0.99777,0.99777,0.99774,0.99776,6.3,1690378200000
988,0.99776,0.99903,0.99775,0.99804,45.3,1690380000000
989,0.99804,0.99804,0.99803,0.99803,43.0,1690381800000
990,0.99803,0.99804,0.99783,0.99783,19.1,1690383600000
991,0.99784,0.99802,0.99783,0.99793,6.8,1690385400000
992,0.99793,0.99796,0.99792,0.99793,6.7,1690387200000
993,0.99794,0.99796,0.99792,0.99794,7.2,1690389000000
994,0.99794,0.99795,0.99793,0.99794,6.6,1690390800000
995,0.99794,0.99796,0.99792,0.99793,7.1,1690392600000
996,0.99811,0.99812,0.98734,0.99801,492.2,1690394400000
997,0.99801,0.99807,0.98444,0.99120,142.7,1690396200000
998,0.99120,0.99525,0.98700,0.99251,570.4,1690398000000
999,0.99252,0.99526,0.99251,0.99252,7.0,1690399800000
1000,0.99252,0.99663,0.99251,0.99252,6.8,1690401600000
1001,0.99251,0.99526,0.99251,0.99251,7.2,1690403400000
1002,0.99251,0.99526,0.99251,0.99252,6.6,1690405200000
1003,0.99252,0.99801,0.99251,0.99791,150.1,1690407000000
1004,0.99790,0.99798,0.99785,0.99791,6.5,1690408800000
1005,0.99790,0.99795,0.99785,0.99790,7.1,1690410600000
1006,0.99795,0.99796,0.99785,0.99790,6.2,1690412400000
1007,0.99790,0.99796,0.99200,0.99200,6.3,1690414200000
1008,0.99200,0.99796,0.99200,0.99786,6.6,1690416000000
1009,0.99791,0.99795,0.99781,0.99782,6.4,1690417800000
1010,0.99783,0.99791,0.99781,0.99783,6.2,1690419600000
1011,0.99783,0.99784,0.99781,0.99781,6.6,1690421400000
1012,0.99783,0.99787,0.99782,0.99785,6.7,1690423200000
1013,0.99785,0.99786,0.99784,0.99785,6.4,1690425000000
1014,0.99785,0.99786,0.99784,0.99785,6.6,1690426800000
1015,0.99785,0.99787,0.99784,0.99785,6.7,1690428600000
1016,0.99785,0.99787,0.99784,0.99785,6.9,1690430400000
1017,0.99785,0.99803,0.99784,0.99785,6.0,1690432200000
1018,0.99786,0.99788,0.99784,0.99786,7.2,1690434000000
1019,0.99786,0.99787,0.99784,0.99786,6.8,1690435800000
1020,0.99786,0.99788,0.99784,0.99786,6.8,1690437600000
1021,0.99786,0.99788,0.99784,0.99785,6.8,1690439400000
1022,0.99785,0.99788,0.99783,0.99786,7.8,1690441200000
1023,0.99786,0.99788,0.99784,0.99785,6.6,1690443000000
1024,0.99785,0.99787,0.99785,0.99786,6.7,1690444800000
1025,0.99786,0.99788,0.99785,0.99786,6.4,1690446600000
1026,0.99786,0.99794,0.99785,0.99786,6.7,1690448400000
1027,0.99786,0.99787,0.99785,0.99786,6.3,1690450200000
1028,0.99786,0.99788,0.99785,0.99786,5.8,1690452000000
1029,0.99786,0.99788,0.99785,0.99786,6.1,1690453800000
1030,0.99786,0.99787,0.99769,0.99771,6.7,1690455600000
1031,0.99771,0.99772,0.99765,0.99767,6.3,1690457400000
1032,0.99766,0.99769,0.99765,0.99765,6.6,1690459200000
1033,0.99766,0.99768,0.99765,0.99766,6.3,1690461000000
1034,0.99766,0.99767,0.99763,0.99764,6.4,1690462800000
1035,0.99764,0.99767,0.99763,0.99764,6.4,1690464600000
1036,0.99765,0.99775,0.99763,0.99774,7.1,1690466400000
1037,0.99775,0.99777,0.99771,0.99776,6.6,1690468200000
1038,0.99773,0.99776,0.99772,0.99774,7.0,1690470000000
1039,0.99773,0.99775,0.99772,0.99773,6.7,1690471800000
1040,0.99774,0.99775,0.99772,0.99774,6.2,1690473600000
1041,0.99774,0.99792,0.98739,0.99113,806.1,1690475400000
1042,0.99452,0.99622,0.99113,0.99114,6.5,1690477200000
1043,0.99114,0.99494,0.99113,0.99196,6.8,1690479000000
1044,0.99196,0.99494,0.98898,0.99196,7.1,1690480800000
1045,0.99196,0.99494,0.99196,0.99196,6.7,1690482600000
1046,0.99196,0.99494,0.99196,0.99196,6.6,1690484400000
1047,0.99196,0.99494,0.98898,0.99196,6.5,1690486200000
1048,0.99196,0.99494,0.99196,0.99196,6.3,1690488000000
1049,0.99196,0.99494,0.98839,0.99196,216.7,1690489800000
1050,0.99196,0.99508,0.98903,0.99205,6.6,1690491600000
1051,0.99205,0.99509,0.99205,0.99206,6.5,1690493400000
1052,0.99205,0.99508,0.99205,0.99206,6.8,1690495200000
1053,0.99206,0.99508,0.99205,0.99205,6.4,1690497000000
1054,0.99205,0.99750,0.99205,0.99750,6.7,1690498800000
1055,0.99689,0.99820,0.99277,0.99277,241.3,1690500600000
1056,0.99277,0.99509,0.98939,0.99205,6.5,1690502400000
1057,0.99205,0.99808,0.99205,0.99800,6.4,1690504200000
1058,0.99801,0.99811,0.99278,0.99811,6.6,1690506000000
1059,0.99811,0.99815,0.99260,0.99799,6.7,1690507800000
1060,0.99799,0.99810,0.99260,0.99261,6.4,1690509600000
1061,0.99261,0.99815,0.98865,0.99801,106.6,1690511400000
1062,0.99260,0.99815,0.99260,0.99809,6.3,1690513200000
1063,0.99814,0.99815,0.99805,0.99809,6.9,1690515000000
1064,0.99810,0.99815,0.99805,0.99810,6.2,1690516800000
1065,0.99809,0.99810,0.99804,0.99804,6.4,1690518600000
1066,0.99810,0.99815,0.99799,0.99809,7.7,1690520400000
1067,0.99799,0.99815,0.99799,0.99809,7.7,1690522200000
1068,0.99809,0.99815,0.99799,0.99809,7.2,1690524000000
1069,0.99810,0.99815,0.99799,0.99809,6.5,1690525800000
1070,0.99810,0.99815,0.99260,0.99791,6.8,1690527600000
1071,0.99791,0.99795,0.99260,0.99790,6.3,1690529400000
1072,0.99791,0.99796,0.99780,0.99795,6.8,1690531200000
1073,0.99790,0.99796,0.99260,0.99791,6.6,1690533000000
1074,0.99790,0.99791,0.99781,0.99783,6.5,1690534800000
1075,0.99785,0.99795,0.98865,0.99779,164.3,1690536600000
1076,0.99779,0.99784,0.99394,0.99783,6.4,1690538400000
1077,0.99779,0.99784,0.99771,0.99779,6.7,1690540200000
1078,0.99778,0.99784,0.99773,0.99779,6.4,1690542000000
1079,0.99779,0.99783,0.99080,0.99778,247.4,1690543800000
1080,0.99778,0.99779,0.99501,0.99768,6.3,1690545600000
1081,0.99767,0.99768,0.99762,0.99767,6.6,1690547400000
1082,0.99767,0.99773,0.99757,0.99768,6.8,1690549200000
1083,0.99768,0.99770,0.99757,0.99767,6.5,1690551000000
1084,0.99768,0.99783,0.99767,0.99778,6.3,1690552800000
1085,0.99778,0.99783,0.99772,0.99777,6.9,1690554600000
1086,0.99777,0.99783,0.99773,0.99777,6.7,1690556400000
1087,0.99778,0.99779,0.99768,0.99774,6.5,1690558200000
1088,0.99774,0.99777,0.99767,0.99772,6.4,1690560000000
1089,0.99773,0.99778,0.99762,0.99772,7.0,1690561800000
1090,0.99772,0.99780,0.99767,0.99772,6.3,1690563600000
1091,0.99773,0.99780,0.99765,0.99773,6.8,1690565400000
1092,0.99772,0.99816,0.99501,0.99772,6.6,1690567200000
1093,0.99777,0.99778,0.99501,0.99765,6.9,1690569000000
1094,0.99765,0.99778,0.99249,0.99772,301.6,1690570800000
1095,0.99773,0.99782,0.99762,0.99768,7.0,1690572600000
1096,0.99772,0.99783,0.99767,0.99772,6.7,1690574400000
1097,0.99772,0.99777,0.99765,0.99772,7.1,1690576200000
1098,0.99773,0.99773,0.99758,0.99763,6.9,1690578000000
1099,0.99763,0.99768,0.99586,0.99763,6.6,1690579800000
1100,0.99763,0.99768,0.99755,0.99763,7.1,1690581600000
1101,0.99758,0.99763,0.99754,0.99755,7.1,1690583400000
1102,0.99755,0.99756,0.99754,0.99755,6.6,1690585200000
1103,0.99757,0.99767,0.99386,0.99767,1325.4,1690587000000
1104,0.99613,0.99768,0.99251,0.99763,58.1,1690588800000
1105,0.99763,0.99768,0.99758,0.99763,6.7,1690590600000
1106,0.99763,0.99768,0.99757,0.99762,6.6,1690592400000
1107,0.99763,0.99768,0.99757,0.99763,7.2,1690594200000
1108,0.99757,0.99767,0.99755,0.99763,6.8,1690596000000
1109,0.99767,0.99770,0.99757,0.99763,7.0,1690597800000
1110,0.99758,0.99768,0.99758,0.99762,6.9,1690599600000
1111,0.99763,0.99768,0.99757,0.99762,6.5,1690601400000
1112,0.99762,0.99768,0.99757,0.99762,6.5,1690603200000
1113,0.99762,0.99768,0.99757,0.99762,6.6,1690605000000
1114,0.99762,0.99768,0.99757,0.99762,6.1,1690606800000
1115,0.99763,0.99768,0.99757,0.99763,6.5,1690608600000
1116,0.99762,0.99763,0.99758,0.99762,6.8,1690610400000
1117,0.99763,0.99768,0.99758,0.99763,6.3,1690612200000
1118,0.99762,0.99768,0.99757,0.99762,6.4,1690614000000
1119,0.99762,0.99768,0.99757,0.99762,6.8,1690615800000
1120,0.99762,0.99767,0.99742,0.99752,6.1,1690617600000
1121,0.99751,0.99752,0.99746,0.99752,6.7,1690619400000
1122,0.99751,0.99757,0.99744,0.99751,6.4,1690621200000
1123,0.99751,0.99762,0.99746,0.99762,6.5,1690623000000
1124,0.99761,0.99768,0.99586,0.99768,7.2,1690624800000
1125,0.99764,0.99769,0.99586,0.99763,6.7,1690626600000
1126,0.99764,0.99788,0.99586,0.99764,6.3,1690628400000
1127,0.99763,0.99769,0.99758,0.99763,6.6,1690630200000
1128,0.99764,0.99769,0.99758,0.99763,6.8,1690632000000
1129,0.99768,0.99769,0.99759,0.99763,6.7,1690633800000
1130,0.99763,0.99774,0.99753,0.99764,9.4,1690635600000
1131,0.99764,0.99769,0.99758,0.99763,6.5,1690637400000
1132,0.99763,0.99807,0.99586,0.99744,6.6,1690639200000
1133,0.99743,0.99749,0.99738,0.99744,6.5,1690641000000
1134,0.99744,0.99744,0.99586,0.99744,6.5,1690642800000
1135,0.99743,0.99749,0.99739,0.99744,6.1,1690644600000
1136,0.99744,0.99749,0.99586,0.99743,6.5,1690646400000
1137,0.99744,0.99751,0.99738,0.99744,6.9,1690648200000
1138,0.99743,0.99748,0.99738,0.99744,6.7,1690650000000
1139,0.99743,0.99749,0.99743,0.99744,6.2,1690651800000
1140,0.99738,0.99754,0.99738,0.99754,6.2,1690653600000
1141,0.99754,0.99782,0.99754,0.99772,7.3,1690655400000
1142,0.99767,0.99777,0.99764,0.99771,7.1,1690657200000
1143,0.99777,0.99777,0.99766,0.99772,7.1,1690659000000
1144,0.99771,0.99777,0.99766,0.99772,6.8,1690660800000
1145,0.99772,0.99777,0.99764,0.99772,6.7,1690662600000
1146,0.99772,0.99777,0.99766,0.99772,6.5,1690664400000
1147,0.99771,0.99776,0.99767,0.99771,6.8,1690666200000
1148,0.99772,0.99777,0.99766,0.99771,6.7,1690668000000
1149,0.99772,0.99777,0.99769,0.99771,6.2,1690669800000
1150,0.99772,0.99777,0.99767,0.99772,5.4,1690671600000
1151,0.99772,0.99777,0.99586,0.99587,7.0,1690673400000
1152,0.99586,0.99776,0.99586,0.99772,6.6,1690675200000
1153,0.99771,0.99777,0.99766,0.99771,6.8,1690677000000
1154,0.99772,1.00126,0.99587,0.99771,96.3,1690678800000
1155,0.99772,0.99782,0.99766,0.99771,6.6,1690680600000
1156,0.99776,0.99799,0.99761,0.99772,7.2,1690682400000
1157,0.99772,0.99799,0.99526,0.99772,6.9,1690684200000
1158,0.99772,1.00003,0.99766,0.99772,6.9,1690686000000
1159,0.99771,1.00004,0.99761,0.99771,7.0,1690687800000
1160,0.99772,0.99777,0.99766,0.99771,7.0,1690689600000
1161,0.99771,1.00071,0.99767,0.99772,6.6,1690691400000
1162,0.99772,1.00004,0.99525,0.99771,6.8,1690693200000
1163,0.99771,0.99799,0.99663,0.99663,7.7,1690695000000
1164,0.99663,1.00003,0.99663,0.99776,6.4,1690696800000
1165,0.99771,0.99799,0.99664,0.99771,6.4,1690698600000
1166,0.99772,0.99777,0.99766,0.99771,6.1,1690700400000
1167,0.99772,1.00004,0.99761,0.99772,6.4,1690702200000
1168,0.99772,1.00004,0.99628,0.99772,6.8,1690704000000
1169,0.99772,1.00004,0.99767,0.99772,7.4,1690705800000
1170,0.99771,0.99777,0.99766,0.99772,6.9,1690707600000
1171,0.99771,0.99776,0.99757,0.99771,6.6,1690709400000
1172,0.99772,0.99777,0.99771,0.99771,6.4,1690711200000
1173,0.99772,0.99777,0.99766,0.99771,6.7,1690713000000
1174,0.99771,0.99772,0.99766,0.99772,6.8,1690714800000
1175,0.99772,0.99777,0.99771,0.99771,6.9,1690716600000
1176,0.99771,0.99776,0.99761,0.99761,6.6,1690718400000
1177,0.99762,0.99779,0.99761,0.99779,6.7,1690720200000
1178,0.99780,0.99781,0.99766,0.99771,35.4,1690722000000
1179,0.99771,0.99790,0.99771,0.99781,106.0,1690723800000
1180,0.99781,0.99782,0.99774,0.99781,6.8,1690725600000
1181,0.99782,0.99787,0.99776,0.99776,6.9,1690727400000
1182,0.99776,0.99779,0.99765,0.99768,7.1,1690729200000
1183,0.99768,0.99772,0.99762,0.99767,6.8,1690731000000
1184,0.99767,0.99773,0.99762,0.99772,7.1,1690732800000
1185,0.99775,0.99788,0.99762,0.99788,6.4,1690734600000
1186,0.99788,0.99788,0.99772,0.99777,6.4,1690736400000
1187,0.99777,0.99786,0.99772,0.99785,6.6,1690738200000
1188,0.99786,0.99787,0.99783,0.99786,24.3,1690740000000
1189,0.99786,0.99786,0.99772,0.99777,48.1,1690741800000
1190,0.99783,0.99783,0.99762,0.99767,6.9,1690743600000
1191,0.99768,0.99788,0.99763,0.99773,6.6,1690745400000
1192,0.99770,0.99770,0.99753,0.99753,6.6,1690747200000
1193,0.99753,0.99759,0.99748,0.99754,6.8,1690749000000
1194,0.99749,0.99768,0.99743,0.99764,36.0,1690750800000
1195,0.99763,0.99768,0.99758,0.99763,6.5,1690752600000
1196,0.99763,0.99769,0.99759,0.99764,6.3,1690754400000
1197,0.99763,1.00015,0.99758,0.99764,6.8,1690756200000
1198,0.99764,0.99875,0.99743,0.99754,6.9,1690758000000
1199,0.99754,0.99875,0.99748,0.99875,6.7,1690759800000
1200,0.99875,0.99875,0.99724,0.99744,6.5,1690761600000
1201,0.99744,0.99759,0.99739,0.99753,7.0,1690763400000
1202,0.99753,0.99759,0.99748,0.99754,7.1,1690765200000
1203,0.99754,0.99759,0.99748,0.99754,6.8,1690767000000
1204,0.99754,0.99759,0.99748,0.99753,6.9,1690768800000
1205,0.99758,0.99761,0.99748,0.99749,7.0,1690770600000
1206,0.99753,0.99759,0.99748,0.99753,6.9,1690772400000
1207,0.99754,0.99875,0.99748,0.99753,6.8,1690774200000
1208,0.99754,0.99759,0.99748,0.99753,6.8,1690776000000
1209,0.99754,1.00011,0.99748,0.99753,7.2,1690777800000
1210,0.99753,0.99920,0.99623,0.99624,46.9,1690779600000
1211,0.99694,0.99727,0.99670,0.99722,2032.8,1690781400000
1212,0.99722,0.99746,0.99711,0.99729,2138.2,1690783200000
1213,0.99729,0.99745,0.99719,0.99735,6.2,1690785000000
1214,0.99735,0.99735,0.99709,0.99720,6.1,1690786800000
1215,0.99725,0.99725,0.99709,0.99724,6.7,1690788600000
1216,0.99727,0.99745,0.99717,0.99740,341.6,1690790400000
1217,0.99740,0.99745,0.99729,0.99731,6.7,1690792200000
1218,0.99731,0.99737,0.99728,0.99737,466.9,1690794000000
1219,0.99735,0.99742,0.99732,0.99739,1044.9,1690795800000
1220,0.99740,0.99742,0.99738,0.99740,6.7,1690797600000
1221,0.99739,0.99742,0.99737,0.99739,322.6,1690799400000
1222,0.99740,0.99741,0.99737,0.99739,6.5,1690801200000
1223,0.99739,0.99741,0.99737,0.99738,1087.6,1690803000000
1224,0.99738,0.99747,0.99736,0.99739,6.8,1690804800000
1225,0.99738,0.99748,0.99737,0.99747,6.4,1690806600000
1226,0.99749,0.99780,0.99378,0.99775,1222.4,1690808400000
1227,0.99775,0.99779,0.99764,0.99775,6.5,1690810200000
1228,0.99774,0.99780,0.99770,0.99774,6.4,1690812000000
1229,0.99775,0.99794,0.99774,0.99784,6.2,1690813800000
1230,0.99793,0.99804,0.99768,0.99778,6.5,1690815600000
1231,0.99773,0.99779,0.99566,0.99779,6.9,1690817400000
1232,0.99769,0.99773,0.99758,0.99758,3.0,1690819200000
1233,0.99758,0.99758,0.99758,0.99758,0.0,1690821000000
1234,0.99763,0.99778,0.99759,0.99773,5.6,1690822800000
1235,0.99773,0.99779,0.99768,0.99773,7.1,1690824600000
1236,0.99778,0.99779,0.99763,0.99773,516.7,1690826400000
1237,0.99774,0.99784,0.99773,0.99783,7.3,1690828200000
1238,0.99783,0.99949,0.99783,0.99788,9.0,1690830000000
1239,0.99788,0.99816,0.99786,0.99786,8.7,1690831800000
1240,0.99786,0.99786,0.99765,0.99786,38.0,1690833600000
1241,0.99786,0.99786,0.99786,0.99786,8.9,1690835400000
1242,0.99786,0.99786,0.99761,0.99761,6.9,1690837200000
1243,0.99761,0.99776,0.99577,0.99771,6.8,1690839000000
1244,0.99783,0.99786,0.99771,0.99771,6.6,1690840800000
1245,0.99771,0.99776,0.99732,0.99771,6.8,1690842600000
1246,0.99771,0.99779,0.99764,0.99771,6.3,1690844400000
1247,0.99771,0.99908,0.99732,0.99732,6.6,1690846200000
1248,0.99732,0.99776,0.99732,0.99761,7.0,1690848000000
1249,0.99761,0.99766,0.99756,0.99761,7.2,1690849800000
1250,0.99761,0.99781,0.99732,0.99781,6.5,1690851600000
1251,0.99775,0.99786,0.99775,0.99781,7.0,1690853400000
1252,0.99781,0.99800,0.99742,0.99742,7.0,1690855200000
1253,0.99742,0.99795,0.99742,0.99790,6.8,1690857000000
1254,0.99794,0.99800,0.99784,0.99795,6.9,1690858800000
1255,0.99795,0.99795,0.99774,0.99785,6.5,1690860600000
1256,0.99784,0.99785,0.99732,0.99774,6.9,1690862400000
1257,0.99774,0.99789,0.99577,0.99774,7.0,1690864200000
1258,0.99732,0.99790,0.99555,0.99785,6.7,1690866000000
1259,0.99784,0.99785,0.99744,0.99765,47.0,1690867800000
1260,0.99765,0.99867,0.99754,0.99789,884.0,1690869600000
1261,0.99789,0.99867,0.99623,0.99778,7.0,1690871400000
1262,0.99777,0.99778,0.99745,0.99758,6.8,1690873200000
1263,0.99758,0.99768,0.99752,0.99758,6.8,1690875000000
1264,0.99757,1.00056,0.99620,0.99727,6.7,1690876800000
1265,0.99727,0.99862,0.99727,0.99768,7.2,1690878600000
1266,0.99767,0.99773,0.99762,0.99768,7.0,1690880400000
1267,0.99768,0.99773,0.99762,0.99767,7.3,1690882200000
1268,0.99767,0.99788,0.99762,0.99787,6.8,1690884000000
1269,0.99787,0.99793,0.99782,0.99788,6.5,1690885800000
1270,0.99787,0.99793,0.99787,0.99788,6.3,1690887600000
1271,0.99788,0.99793,0.99782,0.99787,6.7,1690889400000
1272,0.99788,0.99793,0.99782,0.99788,6.6,1690891200000
1273,0.99787,0.99792,0.99782,0.99787,6.3,1690893000000
1274,0.99787,0.99795,0.99782,0.99788,6.7,1690894800000
1275,0.99782,0.99793,0.99772,0.99783,7.0,1690896600000
1276,0.99777,0.99782,0.99773,0.99777,6.4,1690898400000
1277,0.99778,0.99803,0.99773,0.99797,7.0,1690900200000
1278,0.99798,0.99815,0.99792,0.99815,6.6,1690902000000
1279,0.99817,0.99833,0.99817,0.99833,6.7,1690903800000
1280,0.99828,0.99832,0.99817,0.99819,26.2,1690905600000
1281,0.99820,0.99822,0.99817,0.99820,6.8,1690907400000
1282,0.99819,0.99822,0.99818,0.99820,7.1,1690909200000
1283,0.99819,0.99830,0.99818,0.99821,259.0,1690911000000
1284,0.99821,0.99838,0.99819,0.99819,7.1,1690912800000
1285,0.99819,0.99820,0.99145,0.99808,1113.7,1690914600000
1286,0.99810,0.99811,0.99808,0.99809,6.5,1690916400000
1287,0.99809,0.99810,0.99807,0.99809,6.8,1690918200000
1288,0.99809,0.99809,0.99805,0.99806,6.6,1690920000000
1289,0.99807,0.99816,0.99805,0.99807,6.6,1690921800000
1290,0.99807,0.99808,0.99806,0.99807,6.7,1690923600000
1291,0.99807,0.99809,0.99805,0.99807,7.0,1690925400000
1292,0.99806,0.99819,0.99342,0.99819,93.5,1690927200000
1293,0.99819,0.99822,0.99819,0.99822,6.7,1690929000000
1294,0.99820,0.99820,0.99817,0.99819,6.7,1690930800000
1295,0.99819,0.99929,0.99391,0.99636,35.8,1690932600000
1296,0.99636,0.99812,0.99636,0.99804,6.3,1690934400000
1297,0.99804,0.99806,0.99802,0.99804,6.7,1690936200000
1298,0.99803,0.99806,0.99802,0.99803,6.6,1690938000000
1299,0.99803,0.99805,0.99786,0.99786,6.7,1690939800000
1300,0.99784,0.99792,0.99772,0.99773,6.7,1690941600000
1301,0.99773,0.99775,0.99242,0.99775,6.4,1690943400000
1302,0.99775,0.99806,0.99773,0.99802,483.6,1690945200000
1303,0.99801,0.99807,0.99467,0.99469,691.0,1690947000000
1304,0.99468,0.99627,0.99311,0.99469,6.8,1690948800000
1305,0.99468,0.99469,0.99310,0.99469,6.7,1690950600000
1306,0.99469,0.99548,0.99310,0.99548,6.5,1690952400000
1307,0.99469,0.99627,0.99310,0.99468,6.7,1690954200000
1308,0.99468,0.99626,0.99232,0.99454,6.7,1690956000000
1309,0.99453,0.99779,0.99303,0.99745,6.9,1690957800000
1310,0.99745,0.99746,0.99303,0.99504,6.6,1690959600000
1311,0.99504,0.99680,0.99328,0.99504,6.9,1690961400000
1312,0.99504,0.99680,0.99328,0.99504,6.6,1690963200000
1313,0.99504,0.99680,0.99324,0.99495,6.4,1690965000000
1314,0.99495,0.99779,0.99238,0.99495,6.9,1690966800000
1315,0.99495,0.99495,0.99323,0.99495,6.9,1690968600000
1316,0.99495,0.99779,0.99323,0.99495,7.0,1690970400000
1317,0.99495,0.99795,0.99323,0.99495,7.0,1690972200000
1318,0.99667,0.99667,0.99323,0.99495,6.3,1690974000000
1319,0.99495,0.99667,0.99323,0.99495,6.5,1690975800000
1320,0.99495,0.99667,0.99290,0.99495,106.7,1690977600000
1321,0.99495,0.99666,0.99323,0.99323,6.3,1690979400000
1322,0.99666,0.99667,0.99323,0.99494,6.5,1690981200000
1323,0.99495,0.99789,0.99289,0.99779,261.0,1690983000000
1324,0.99698,0.99796,0.99544,0.99748,6.7,1690984800000
1325,0.99748,0.99793,0.99689,0.99749,6.7,1690986600000
1326,0.99749,0.99790,0.99544,0.99778,7.0,1690988400000
1327,0.99748,0.99797,0.99539,0.99748,6.7,1690990200000
1328,0.99789,0.99789,0.99544,0.99749,6.7,1690992000000
1329,0.99789,0.99794,0.99697,0.99748,6.5,1690993800000
1330,0.99748,0.99801,0.99697,0.99793,6.8,1690995600000
1331,0.99793,0.99803,0.99551,0.99551,6.6,1690997400000
1332,0.99761,0.99804,0.99761,0.99800,6.7,1690999200000
1333,0.99801,0.99802,0.99799,0.99801,6.6,1691001000000
1334,0.99801,0.99803,0.99799,0.99802,8.3,1691002800000
1335,0.99802,0.99803,0.99800,0.99801,6.5,1691004600000
1336,0.99801,0.99803,0.99800,0.99801,6.0,1691006400000
1337,0.99803,0.99803,0.99793,0.99802,5.9,1691008200000
1338,0.99801,0.99803,0.99801,0.99801,6.1,1691010000000
1339,0.99801,0.99934,0.99792,0.99793,1541.6,1691011800000
1340,0.99793,0.99798,0.99788,0.99792,6.9,1691013600000
1341,0.99792,0.99798,0.99787,0.99793,6.9,1691015400000
1342,0.99793,0.99798,0.99787,0.99793,7.0,1691017200000
1343,0.99793,0.99802,0.99392,0.99592,104.1,1691019000000
1344,0.99592,0.99712,0.99472,0.99632,41.6,1691020800000
1345,0.99632,0.99712,0.99552,0.99552,6.9,1691022600000
1346,0.99632,0.99712,0.99552,0.99632,6.7,1691024400000
1347,0.99632,0.99792,0.99536,0.99632,3426.1,1691026200000
1348,0.99632,0.99712,0.99512,0.99632,6.9,1691028000000
1349,0.99632,0.99712,0.99552,0.99636,6.3,1691029800000
1350,0.99636,0.99736,0.99472,0.99631,28.4,1691031600000
1351,0.99631,0.99750,0.99551,0.99631,6.1,1691033400000
1352,0.99631,0.99711,0.99551,0.99637,6.9,1691035200000
1353,0.99637,0.99736,0.99604,0.99637,6.5,1691037000000
1354,0.99637,0.99868,0.99554,0.99637,6.2,1691038800000
1355,0.99637,0.99736,0.99616,0.99617,6.9,1691040600000
1356,0.99617,0.99736,0.99544,0.99614,7.3,1691042400000
1357,0.99685,0.99736,0.99543,0.99622,6.6,1691044200000
1358,0.99622,0.99696,0.99547,0.99621,6.9,1691046000000
1359,0.99621,0.99736,0.99559,0.99647,6.9,1691047800000
1360,0.99647,0.99733,0.99516,0.99646,6.9,1691049600000
1361,0.99647,0.99823,0.99549,0.99549,6.9,1691051400000
1362,0.99627,0.99703,0.99549,0.99626,6.9,1691053200000
1363,0.99626,0.99704,0.99549,0.99626,6.8,1691055000000
1364,0.99627,0.99704,0.99511,0.99626,6.6,1691056800000
1365,0.99703,0.99779,0.99574,0.99676,6.4,1691058600000
1366,0.99677,0.99804,0.99574,0.99662,6.9,1691060400000
1367,0.99662,0.99775,0.99548,0.99700,110.2,1691062200000
1368,0.99700,0.99813,0.99624,0.99700,6.7,1691064000000
1369,0.99700,0.99700,0.99624,0.99700,6.5,1691065800000
1370,0.99700,0.99794,0.99624,0.99738,6.7,1691067600000
1371,0.99738,0.99823,0.99681,0.99738,6.7,1691069400000
1372,0.99738,0.99851,0.99670,0.99844,158.7,1691071200000
1373,0.99844,0.99851,0.99839,0.99845,6.8,1691073000000
1374,0.99845,0.99852,0.99839,0.99845,6.7,1691074800000
1375,0.99844,0.99852,0.99840,0.99844,6.7,1691076600000
1376,0.99845,0.99852,0.99837,0.99845,7.4,1691078400000
1377,0.99839,0.99850,0.99839,0.99844,7.1,1691080200000
1378,0.99845,0.99849,0.99840,0.99845,6.6,1691082000000
1379,0.99844,0.99912,0.99837,0.99856,250.6,1691083800000
1380,0.99845,0.99851,0.99402,0.99735,326.1,1691085600000
1381,0.99624,0.99735,0.99513,0.99513,6.7,1691087400000
1382,0.99624,0.99823,0.99624,0.99802,6.6,1691089200000
1383,0.99802,0.99837,0.99757,0.99779,6.6,1691091000000
1384,0.99792,0.99792,0.99720,0.99760,6.6,1691092800000
1385,0.99792,0.99792,0.99740,0.99760,6.9,1691094600000
1386,0.99760,0.99780,0.99740,0.99760,7.0,1691096400000
1387,0.99760,0.99790,0.99760,0.99760,6.4,1691098200000
1388,0.99760,0.99796,0.99720,0.99760,7.1,1691100000000
1389,0.99760,0.99780,0.99720,0.99760,6.6,1691101800000
1390,0.99760,0.99796,0.99720,0.99760,6.9,1691103600000
1391,0.99760,0.99792,0.99760,0.99760,6.3,1691105400000
1392,0.99760,0.99796,0.99720,0.99760,6.8,1691107200000
1393,0.99760,0.99800,0.99720,0.99760,42.3,1691109000000
1394,0.99760,0.99835,0.99656,0.99799,3076.7,1691110800000
1395,0.99799,0.99835,0.99755,0.99821,6.6,1691112600000
1396,0.99799,0.99812,0.99769,0.99790,6.6,1691114400000
1397,0.99790,0.99816,0.99782,0.99783,1199.8,1691116200000
1398,0.99783,0.99804,0.99761,0.99783,6.7,1691118000000
1399,0.99782,0.99792,0.99723,0.99792,6.6,1691119800000
1400,0.99791,0.99812,0.99791,0.99812,33.7,1691121600000
1401,0.99811,0.99813,0.99801,0.99812,6.6,1691123400000
1402,0.99811,0.99908,0.99668,0.99825,1215.3,1691125200000
1403,0.99815,0.99825,0.99561,0.99613,7.0,1691127000000
1404,0.99613,0.99719,0.99508,0.99719,6.6,1691128800000
1405,0.99613,0.99614,0.99508,0.99614,6.7,1691130600000
1406,0.99613,0.99869,0.99455,0.99508,6.7,1691132400000
1407,0.99614,0.99764,0.99456,0.99614,6.4,1691134200000
1408,0.99614,0.99764,0.99508,0.99614,6.5,1691136000000
1409,0.99614,0.99720,0.99508,0.99614,6.1,1691137800000
1410,0.99614,0.99772,0.99508,0.99614,6.8,1691139600000
1411,0.99614,0.99614,0.99509,0.99614,6.1,1691141400000
1412,0.99614,0.99764,0.99508,0.99614,6.5,1691143200000
1413,0.99508,0.99720,0.99456,0.99614,6.6,1691145000000
1414,0.99614,0.99764,0.99508,0.99720,6.5,1691146800000
1415,0.99614,0.99719,0.99508,0.99614,6.4,1691148600000
1416,0.99719,0.99720,0.99509,0.99719,6.6,1691150400000
1417,0.99614,0.99720,0.99509,0.99614,6.9,1691152200000
1418,0.99614,0.99816,0.99508,0.99794,6.8,1691154000000
1419,0.99795,0.99833,0.99751,0.99795,6.6,1691155800000
1420,0.99794,0.99816,0.99773,0.99795,6.7,1691157600000
1421,0.99794,0.99829,0.99751,0.99795,6.7,1691159400000
1422,0.99794,0.99816,0.99794,0.99795,6.5,1691161200000
1423,0.99795,0.99816,0.99743,0.99786,6.6,1691163000000
1424,0.99786,0.99820,0.99764,0.99786,6.7,1691164800000
1425,0.99786,0.99820,0.99743,0.99786,7.0,1691166600000
1426,0.99786,0.99820,0.99743,0.99820,6.7,1691168400000
1427,0.99786,0.99807,0.99616,0.99807,6.5,1691170200000
1428,0.99807,0.99830,0.99627,0.99807,6.8,1691172000000
1429,0.99807,0.99843,0.99762,0.99807,7.1,1691173800000
1430,0.99807,0.99850,0.99762,0.99814,6.4,1691175600000
1431,0.99850,0.99862,0.99768,0.99820,6.7,1691177400000
1432,0.99821,0.99857,0.99774,0.99798,6.6,1691179200000
1433,0.99820,0.99844,0.99774,0.99821,6.7,1691181000000
1434,0.99821,1.00012,0.99633,0.99633,285.1,1691182800000
1435,0.99633,0.99748,0.99518,0.99633,6.7,1691184600000
1436,0.99634,0.99749,0.99633,0.99633,6.8,1691186400000
1437,0.99633,0.99749,0.99518,0.99633,6.6,1691188200000
1438,0.99633,0.99749,0.99519,0.99634,6.7,1691190000000
1439,0.99748,0.99975,0.99633,0.99975,6.6,1691191800000
1440,0.99784,0.99784,0.99518,0.99634,6.7,1691193600000
1441,0.99634,0.99806,0.99461,0.99633,7.1,1691195400000
1442,0.99748,0.99784,0.99519,0.99634,6.8,1691197200000
1443,0.99633,0.99784,0.99518,0.99632,6.9,1691199000000
1444,0.99632,0.99862,0.99632,0.99632,6.5,1691200800000
1445,0.99632,0.99862,0.99518,0.99633,6.7,1691202600000
1446,0.99632,0.99862,0.99518,0.99632,6.6,1691204400000
1447,0.99747,0.99939,0.99518,0.99654,6.8,1691206200000
1448,0.99654,0.99814,0.99533,0.99662,6.5,1691208000000
1449,0.99662,0.99792,0.99533,0.99662,7.0,1691209800000
1450,0.99662,0.99949,0.99533,0.99814,6.4,1691211600000
1451,0.99662,0.99814,0.99532,0.99662,6.4,1691213400000
1452,0.99791,0.99949,0.99532,0.99676,6.4,1691215200000
1453,0.99676,0.99921,0.99468,0.99662,6.7,1691217000000
1454,0.99662,0.99949,0.99662,0.99662,6.4,1691218800000
1455,0.99662,0.99916,0.99532,0.99659,6.4,1691220600000
1456,0.99660,0.99939,0.99528,0.99804,7.0,1691222400000
1457,0.99652,0.99804,0.99527,0.99652,6.7,1691224200000
1458,0.99652,0.99924,0.99526,0.99637,6.3,1691226000000
1459,0.99637,0.99757,0.99521,0.99639,6.1,1691227800000
1460,0.99639,0.99789,0.99521,0.99779,6.4,1691229600000
1461,0.99779,0.99779,0.99516,0.99629,7.0,1691231400000
1462,0.99629,0.99779,0.99459,0.99686,6.8,1691233200000
1463,0.99629,0.99751,0.99461,0.99635,6.9,1691235000000
1464,0.99635,0.99751,0.99519,0.99635,6.6,1691236800000
1465,0.99635,0.99635,0.99519,0.99635,6.3,1691238600000
1466,0.99635,0.99759,0.99521,0.99522,6.8,1691240400000
1467,0.99640,0.99758,0.99462,0.99640,6.7,1691242200000
1468,0.99640,0.99818,0.99521,0.99640,6.7,1691244000000
1469,0.99640,0.99789,0.99498,0.99758,29.4,1691245800000
1470,0.99640,0.99818,0.99522,0.99640,6.7,1691247600000
1471,0.99640,0.99759,0.99522,0.99640,6.8,1691249400000
1472,0.99779,0.99858,0.99630,0.99630,6.4,1691251200000
1473,0.99517,0.99819,0.99517,0.99631,6.8,1691253000000
1474,0.99631,0.99744,0.99517,0.99631,6.8,1691254800000
1475,0.99630,0.99744,0.99517,0.99631,6.6,1691256600000
1476,0.99517,0.99744,0.99517,0.99630,6.5,1691258400000
1477,0.99631,0.99858,0.99517,0.99630,7.3,1691260200000
1478,0.99631,0.99631,0.99460,0.99630,6.2,1691262000000
1479,0.99630,0.99744,0.99517,0.99631,6.4,1691263800000
1480,0.99630,0.99744,0.99630,0.99630,6.4,1691265600000
1481,0.99630,0.99744,0.99630,0.99630,6.7,1691267400000
1482,0.99631,0.99744,0.99517,0.99517,6.5,1691269200000
1483,0.99630,0.99687,0.99517,0.99630,6.6,1691271000000
1484,0.99631,0.99744,0.99460,0.99631,6.5,1691272800000
1485,0.99517,0.99830,0.99460,0.99629,7.1,1691274600000
1486,0.99629,0.99743,0.99517,0.99630,6.8,1691276400000
1487,0.99630,0.99779,0.99516,0.99779,6.7,1691278200000
1488,0.99779,0.99779,0.99591,0.99629,6.7,1691280000000
1489,0.99629,0.99743,0.99494,0.99675,66.5,1691281800000
1490,0.99675,0.99766,0.99675,0.99675,7.1,1691283600000
1491,0.99675,0.99766,0.99585,0.99766,6.5,1691285400000
1492,0.99675,0.99765,0.99675,0.99675,6.7,1691287200000
1493,0.99675,0.99766,0.99584,0.99675,6.8,1691289000000
1494,0.99675,0.99765,0.99584,0.99675,6.7,1691290800000
1495,0.99675,0.99811,0.99539,0.99675,6.6,1691292600000
1496,0.99675,0.99956,0.99583,0.99671,6.6,1691294400000
1497,0.99671,0.99982,0.99584,0.99671,6.5,1691296200000
1498,0.99671,0.99999,0.99430,0.99430,33.7,1691298000000
1499,0.99569,0.99857,0.99430,0.99712,26.7,1691299800000
1500,0.99712,1.00096,0.99707,0.99991,6.2,1691301600000
1501,0.99991,0.99991,0.99836,0.99846,6.9,1691303400000
1502,0.99846,0.99997,0.99638,0.99709,6.9,1691305200000
1503,0.99709,1.00210,0.99638,0.99709,6.5,1691307000000
1504,0.99709,0.99780,0.99604,0.99709,7.2,1691308800000
1505,0.99709,0.99851,0.99638,0.99840,6.4,1691310600000
1506,0.99840,0.99850,0.99709,0.99709,6.9,1691312400000
1507,0.99709,0.99814,0.99638,0.99780,6.5,1691314200000
1508,0.99709,0.99815,0.99638,0.99709,6.7,1691316000000
1509,0.99709,0.99814,0.99638,0.99709,6.4,1691317800000
1510,0.99709,0.99709,0.99638,0.99709,6.7,1691319600000
1511,0.99709,0.99797,0.99638,0.99744,6.9,1691321400000
1512,0.99744,0.99797,0.99690,0.99742,6.6,1691323200000
1513,0.99742,0.99806,0.99690,0.99768,6.7,1691325000000
1514,0.99767,0.99855,0.99729,0.99772,6.6,1691326800000
1515,0.99773,0.99813,0.99711,0.99773,6.7,1691328600000
1516,0.99772,0.99773,0.99404,0.99573,74.4,1691330400000
1517,0.99573,0.99875,0.99437,0.99583,6.5,1691332200000
1518,0.99583,0.99743,0.99437,0.99588,7.2,1691334000000
1519,0.99588,0.99737,0.99439,0.99588,6.3,1691335800000
1520,0.99736,0.99810,0.99439,0.99588,6.6,1691337600000
1521,0.99439,0.99736,0.99365,0.99588,6.5,1691339400000
1522,0.99588,0.99729,0.99437,0.99583,6.0,1691341200000
1523,0.99583,0.99738,0.99364,0.99583,6.2,1691343000000
1524,0.99583,0.99873,0.99436,0.99582,6.6,1691344800000
1525,0.99582,0.99868,0.99434,0.99577,6.6,1691346600000
1526,0.99577,0.99926,0.99406,0.99635,56.8,1691348400000
1527,0.99749,0.99749,0.99499,0.99681,28.7,1691350200000
1528,0.99681,0.99772,0.99590,0.99681,6.7,1691352000000
1529,0.99681,0.99862,0.99590,0.99685,6.4,1691353800000
1530,0.99685,0.99777,0.99593,0.99685,6.6,1691355600000
1531,0.99685,0.99777,0.99593,0.99685,6.6,1691357400000
1532,0.99685,0.99777,0.99685,0.99685,6.7,1691359200000
1533,0.99685,0.99823,0.99593,0.99685,6.6,1691361000000
1534,0.99685,0.99823,0.99593,0.99777,6.8,1691362800000
1535,0.99685,0.99853,0.99593,0.99853,6.4,1691364600000
1536,0.99853,0.99853,0.99598,0.99695,6.7,1691366400000
1537,0.99695,0.99792,0.99695,0.99695,6.4,1691368200000
1538,0.99695,0.99816,0.99598,0.99744,6.6,1691370000000
1539,0.99743,0.99894,0.99671,0.99746,6.6,1691371800000
1540,0.99746,0.99908,0.99672,0.99749,6.8,1691373600000
1541,0.99824,0.99905,0.99675,0.99889,7.0,1691375400000
1542,0.99745,0.99903,0.99673,0.99745,6.3,1691377200000
1543,0.99903,0.99903,0.99637,0.99745,6.4,1691379000000
1544,0.99745,0.99923,0.99673,0.99765,6.7,1691380800000
1545,0.99765,1.00061,0.99642,1.00061,6.6,1691382600000
1546,0.99939,0.99939,0.99642,0.99760,6.8,1691384400000
1547,0.99761,0.99919,0.99681,0.99760,6.7,1691386200000
1548,0.99761,0.99919,0.99679,0.99760,6.6,1691388000000
1549,0.99760,0.99919,0.99681,0.99765,7.1,1691389800000
1550,0.99766,1.00092,0.99643,0.99929,6.8,1691391600000
1551,0.99771,0.99855,0.99686,0.99770,6.5,1691393400000
1552,0.99771,0.99855,0.99686,0.99770,6.5,1691395200000
1553,0.99770,0.99897,0.99770,0.99892,7.0,1691397000000
1554,0.99892,1.00040,0.99863,0.99882,6.8,1691398800000
1555,0.99882,1.00040,0.99641,0.99760,7.0,1691400600000
1556,0.99761,0.99840,0.99681,0.99761,6.9,1691402400000
1557,0.99761,0.99761,0.99681,0.99758,6.4,1691404200000
1558,0.99679,0.99836,0.99640,0.99758,7.5,1691406000000
1559,0.99757,0.99997,0.99679,0.99758,6.8,1691407800000
1560,0.99757,0.99836,0.99664,0.99789,499.9,1691409600000
1561,0.99727,0.99852,0.99696,0.99789,7.0,1691411400000
1562,0.99789,0.99852,0.99789,0.99789,6.7,1691413200000
1563,0.99789,0.99789,0.99727,0.99789,6.6,1691415000000
1564,0.99789,0.99851,0.99726,0.99789,6.8,1691416800000
1565,0.99789,0.99852,0.99726,0.99789,6.7,1691418600000
1566,0.99789,0.99852,0.99727,0.99789,6.9,1691420400000
1567,0.99789,0.99828,0.99718,0.99773,6.9,1691422200000
1568,0.99773,0.99828,0.99719,0.99773,7.1,1691424000000
1569,0.99773,0.99773,0.99691,0.99773,6.5,1691425800000
1570,0.99773,0.99828,0.99773,0.99773,6.6,1691427600000
1571,0.99773,0.99854,0.99719,0.99804,6.6,1691429400000
1572,0.99734,0.99804,0.99711,0.99758,6.9,1691431200000
1573,0.99758,0.99804,0.99711,0.99758,6.9,1691433000000
1574,0.99758,0.99758,0.99672,0.99757,413.0,1691434800000
1575,0.99758,0.99758,0.99711,0.99758,6.2,1691436600000
1576,0.99757,0.99925,0.99433,0.99575,63.1,1691438400000
1577,0.99575,0.99717,0.99433,0.99575,6.7,1691440200000
1578,0.99575,0.99717,0.99433,0.99575,6.6,1691442000000
1579,0.99575,0.99575,0.99433,0.99575,6.7,1691443800000
1580,0.99575,0.99717,0.99575,0.99575,6.7,1691445600000
1581,0.99575,0.99824,0.99433,0.99575,6.7,1691447400000
1582,0.99575,0.99788,0.99433,0.99575,6.6,1691449200000
1583,0.99575,0.99744,0.99433,0.99744,6.7,1691451000000
1584,0.99743,0.99879,0.99436,0.99580,6.2,1691452800000
1585,0.99580,0.99580,0.99435,0.99580,6.6,1691454600000
1586,0.99580,0.99724,0.99580,0.99580,7.0,1691456400000
1587,0.99580,0.99725,0.99364,0.99580,6.7,1691458200000
1588,0.99580,0.99725,0.99580,0.99580,6.6,1691460000000
1589,0.99580,0.99652,0.99291,0.99580,36.0,1691461800000
1590,0.99580,0.99725,0.99435,0.99580,6.5,1691463600000
1591,0.99580,0.99725,0.99435,0.99580,6.8,1691465400000
1592,0.99580,0.99724,0.99435,0.99580,6.7,1691467200000
1593,0.99580,0.99725,0.99436,0.99436,6.5,1691469000000
1594,0.99580,0.99725,0.99435,0.99580,6.6,1691470800000
1595,0.99580,0.99724,0.99580,0.99580,6.4,1691472600000
1596,0.99580,0.99725,0.99436,0.99580,7.0,1691474400000
1597,0.99580,0.99725,0.99435,0.99580,6.7,1691476200000
1598,0.99580,0.99725,0.99407,0.99638,245.9,1691478000000
1599,0.99754,0.99754,0.99522,0.99657,6.7,1691479800000
1600,0.99657,0.99782,0.99532,0.99657,6.8,1691481600000
1601,0.99657,0.99782,0.99469,0.99657,6.9,1691483400000
1602,0.99657,0.99782,0.99507,0.99507,54.6,1691485200000
1603,0.99657,0.99887,0.99528,0.99528,6.7,1691487000000
1604,0.99648,0.99767,0.99647,0.99647,6.3,1691488800000
1605,0.99648,0.99767,0.99528,0.99648,6.6,1691490600000
1606,0.99648,0.99767,0.99528,0.99648,6.7,1691492400000
1607,0.99647,0.99827,0.99468,0.99648,6.6,1691494200000
1608,0.99647,0.99767,0.99528,0.99648,6.8,1691496000000
1609,0.99648,0.99827,0.99528,0.99646,6.7,1691497800000
1610,0.99646,0.99765,0.99527,0.99646,6.7,1691499600000
1611,0.99646,0.99765,0.99468,0.99646,7.0,1691501400000
1612,0.99646,0.99765,0.99527,0.99645,6.8,1691503200000
1613,0.99645,0.99793,0.99526,0.99645,6.5,1691505000000
1614,0.99645,0.99822,0.99467,0.99645,7.0,1691506800000
1615,0.99645,0.99764,0.99526,0.99645,6.7,1691508600000
1616,0.99645,0.99719,0.99491,0.99657,1054.1,1691510400000
1617,0.99657,0.99740,0.99492,0.99657,606.6,1691512200000
1618,0.99658,0.99722,0.99645,0.99646,6.9,1691514000000
1619,0.99646,0.99722,0.99645,0.99646,6.3,1691515800000
1620,0.99569,0.99722,0.99569,0.99646,6.9,1691517600000
1621,0.99646,0.99722,0.99530,0.99665,6.8,1691519400000
1622,0.99731,0.99731,0.99664,0.99665,6.0,1691521200000
1623,0.99664,0.99786,0.99597,0.99665,6.8,1691523000000
1624,0.99665,0.99717,0.99593,0.99655,6.6,1691524800000
1625,0.99655,0.99718,0.99592,0.99655,6.8,1691526600000
1626,0.99655,0.99655,0.99562,0.99655,6.5,1691528400000
1627,0.99655,0.99733,0.99592,0.99686,6.8,1691530200000
1628,0.99733,0.99781,0.99536,0.99536,124.8,1691532000000
1629,0.99536,0.99765,0.99413,0.99756,6.9,1691533800000
1630,0.99731,0.99756,0.99682,0.99722,6.6,1691535600000
1631,0.99722,0.99749,0.99674,0.99749,6.5,1691537400000
1632,0.99749,0.99760,0.99674,0.99722,6.9,1691539200000
1633,0.99722,0.99731,0.99674,0.99731,6.9,1691541000000
1634,0.99731,0.99770,0.99698,0.99698,110.1,1691542800000
1635,0.99749,0.99749,0.99413,0.99536,6.5,1691544600000
1636,0.99535,0.99658,0.99413,0.99413,6.4,1691546400000
1637,0.99536,0.99767,0.99413,0.99757,20.7,1691548200000
1638,0.99757,0.99772,0.99545,0.99767,7.0,1691550000000
1639,0.99766,0.99771,0.99529,0.99767,6.2,1691551800000
1640,0.99546,0.99767,0.99545,0.99767,6.4,1691553600000
1641,0.99766,0.99784,0.99546,0.99776,6.7,1691555400000
1642,0.99777,0.99788,0.99482,0.99777,6.8,1691557200000
1643,0.99777,0.99782,0.99545,0.99777,6.6,1691559000000
1644,0.99777,0.99794,0.99393,0.99544,129.6,1691560800000
1645,0.99544,0.99673,0.99482,0.99545,6.7,1691562600000
1646,0.99546,0.99775,0.99545,0.99749,7.1,1691564400000
1647,0.99774,0.99775,0.99698,0.99749,6.8,1691566200000
1648,0.99749,0.99774,0.99698,0.99746,6.5,1691568000000
1649,0.99746,0.99787,0.99544,0.99757,29.3,1691569800000
1650,0.99757,0.99767,0.99545,0.99752,6.8,1691571600000
1651,0.99532,0.99669,0.99415,0.99535,7.0,1691573400000
1652,0.99534,0.99656,0.99413,0.99534,6.7,1691575200000
1653,0.99535,0.99649,0.99410,0.99529,6.6,1691577000000
1654,0.99649,0.99649,0.99529,0.99530,6.7,1691578800000
1655,0.99529,0.99649,0.99410,0.99529,6.7,1691580600000
1656,0.99545,0.99655,0.99412,0.99534,6.7,1691582400000
1657,0.99534,0.99655,0.99412,0.99534,6.7,1691584200000
1658,0.99533,0.99654,0.99412,0.99534,7.0,1691586000000
1659,0.99533,0.99655,0.99412,0.99534,6.2,1691587800000
1660,0.99533,0.99655,0.99533,0.99533,6.5,1691589600000
1661,0.99533,0.99654,0.99412,0.99412,7.0,1691591400000
1662,0.99533,0.99655,0.99412,0.99533,7.0,1691593200000
1663,0.99534,0.99655,0.99413,0.99534,6.7,1691595000000
1664,0.99534,0.99594,0.99412,0.99533,6.7,1691596800000
1665,0.99533,0.99654,0.99352,0.99352,6.9,1691598600000
1666,0.99534,0.99655,0.99413,0.99533,6.6,1691600400000
1667,0.99534,0.99655,0.99413,0.99533,6.6,1691602200000
1668,0.99534,0.99534,0.99413,0.99534,6.6,1691604000000
1669,0.99533,0.99654,0.99412,0.99533,6.6,1691605800000
1670,0.99412,0.99727,0.99340,0.99667,106.6,1691607600000
1671,0.99667,0.99734,0.99667,0.99667,7.1,1691609400000
1672,0.99667,0.99773,0.99588,0.99773,66.9,1691611200000
1673,0.99773,0.99787,0.99746,0.99773,6.5,1691613000000
1674,0.99773,0.99794,0.99746,0.99773,6.6,1691614800000
1675,0.99773,0.99794,0.99759,0.99773,6.6,1691616600000
1676,0.99773,0.99787,0.99749,0.99773,6.8,1691618400000
1677,0.99773,0.99787,0.99773,0.99773,6.7,1691620200000
1678,0.99773,0.99787,0.99746,0.99760,6.8,1691622000000
1679,0.99759,0.99794,0.99534,0.99667,101.1,1691623800000
