,o,h,l,c,v,t
0,5.2061,5.2186,5.1880,5.2185,250.89,1688601600000
1,5.2184,5.2184,5.1810,5.1844,511.33,1688603400000
2,5.1878,5.1970,5.1664,5.1785,104.53,1688605200000
3,5.1761,5.2104,5.1742,5.2103,203.26,1688607000000
4,5.2106,5.2269,5.1994,5.2022,200.59,1688608800000
5,5.2028,5.2047,5.1821,5.1832,32.32,1688610600000
6,5.1844,5.1983,5.1844,5.1926,0.72,1688612400000
7,5.1912,5.2107,5.1912,5.2005,49.77,1688614200000
8,5.2036,5.2107,5.1964,5.2039,529.96,1688616000000
9,5.2028,5.2045,5.1936,5.1939,111.00,1688617800000
10,5.1949,5.2153,5.1947,5.2118,263.02,1688619600000
11,5.2109,5.2516,5.2109,5.2516,97.30,1688621400000
12,5.2516,5.2587,5.2320,5.2526,672.89,1688623200000
13,5.2528,5.2773,5.2509,5.2757,562.91,1688625000000
14,5.2747,5.2835,5.2644,5.2778,510.55,1688626800000
15,5.2779,5.2933,5.2642,5.2675,573.09,1688628600000
16,5.2656,5.2776,5.2599,5.2642,1680.29,1688630400000
17,5.2680,5.3469,5.2671,5.3444,2823.06,1688632200000
18,5.3445,5.3634,5.3291,5.3465,926.83,1688634000000
19,5.3445,5.3520,5.2987,5.3013,1504.04,1688635800000
20,5.3023,5.3037,5.2781,5.2815,326.16,1688637600000
21,5.2852,5.3156,5.2818,5.3129,80.54,1688639400000
22,5.3115,5.3146,5.2903,5.2956,282.71,1688641200000
23,5.2976,5.3061,5.2092,5.2266,469.51,1688643000000
24,5.2357,5.2425,5.1701,5.1975,576.78,1688644800000
25,5.1947,5.1958,5.1525,5.1657,538.39,1688646600000
26,5.1665,5.1944,5.1648,5.1823,435.40,1688648400000
27,5.1845,5.1845,5.1422,5.1515,744.01,1688650200000
28,5.1454,5.1651,5.0494,5.0553,2067.65,1688652000000
29,5.0600,5.1115,5.0557,5.1072,740.47,1688653800000
30,5.1077,5.1131,5.0716,5.1113,371.33,1688655600000
31,5.1129,5.1535,5.1073,5.1480,181.49,1688657400000
32,5.1440,5.1504,5.1270,5.1346,555.00,1688659200000
33,5.1357,5.1357,5.0836,5.1103,1032.66,1688661000000
34,5.1110,5.1192,5.1060,5.1100,123.19,1688662800000
35,5.1131,5.1302,5.1080,5.1302,0.60,1688664600000
36,5.1311,5.1545,5.1276,5.1327,180.76,1688666400000
37,5.1329,5.1501,5.1111,5.1451,363.95,1688668200000
38,5.1446,5.1446,5.1245,5.1275,631.89,1688670000000
39,5.1277,5.1297,5.0909,5.0985,108.15,1688671800000
40,5.0990,5.1081,5.0918,5.1022,358.28,1688673600000
41,5.1017,5.1039,5.0821,5.0900,368.00,1688675400000
42,5.0909,5.0911,5.0562,5.0621,118.02,1688677200000
43,5.0643,5.0734,5.0545,5.0707,435.48,1688679000000
44,5.0701,5.0919,5.0679,5.0765,243.34,1688680800000
45,5.0786,5.0881,5.0623,5.0734,62.44,1688682600000
46,5.0716,5.0716,5.0179,5.0515,459.29,1688684400000
47,5.0456,5.0489,5.0131,5.0150,236.82,1688686200000
48,5.0153,5.0459,4.9754,5.0194,636.44,1688688000000
49,5.0174,5.0436,5.0014,5.0351,374.51,1688689800000
50,5.0342,5.0455,5.0283,5.0360,240.66,1688691600000
51,5.0378,5.0614,5.0317,5.0587,344.66,1688693400000
52,5.0595,5.0784,5.0516,5.0763,1739.80,1688695200000
53,5.0773,5.0856,5.0718,5.0799,210.68,1688697000000
54,5.0817,5.0868,5.0689,5.0771,20.73,1688698800000
55,5.0759,5.0934,5.0759,5.0934,419.22,1688700600000
56,5.0943,5.0973,5.0757,5.0778,62.43,1688702400000
57,5.0755,5.0831,5.0685,5.0818,207.02,1688704200000
58,5.0813,5.1124,5.0694,5.1061,206.03,1688706000000
59,5.1048,5.1177,5.0986,5.1023,290.38,1688707800000
60,5.1053,5.1068,5.0880,5.0950,58.27,1688709600000
61,5.0957,5.1127,5.0950,5.1027,158.16,1688711400000
62,5.1036,5.1140,5.0985,5.1010,20.27,1688713200000
63,5.0997,5.1076,5.0746,5.0846,141.75,1688715000000
64,5.0817,5.1016,5.0722,5.0961,129.68,1688716800000
65,5.0966,5.1170,5.0947,5.1024,188.36,1688718600000
66,5.1015,5.1324,5.1005,5.1309,28.79,1688720400000
67,5.1327,5.1420,5.1238,5.1274,0.71,1688722200000
68,5.1302,5.1302,5.1044,5.1159,147.92,1688724000000
69,5.1150,5.1304,5.1129,5.1267,67.12,1688725800000
70,5.1277,5.1330,5.1123,5.1330,97.65,1688727600000
71,5.1324,5.1370,5.1156,5.1178,31.25,1688729400000
72,5.1174,5.1312,5.0879,5.0901,64.23,1688731200000
73,5.0912,5.1495,5.0867,5.1231,2196.05,1688733000000
74,5.1206,5.1388,5.1054,5.1359,2405.57,1688734800000
75,5.1339,5.1683,5.1293,5.1683,2947.60,1688736600000
76,5.1686,5.1749,5.1399,5.1550,1062.22,1688738400000
77,5.1507,5.1617,5.1409,5.1544,460.56,1688740200000
78,5.1546,5.1610,5.1386,5.1456,65.25,1688742000000
79,5.1465,5.1529,5.1449,5.1496,485.85,1688743800000
80,5.1482,5.1518,5.1271,5.1297,75.97,1688745600000
81,5.1302,5.1346,5.1195,5.1287,248.94,1688747400000
82,5.1288,5.1288,5.1031,5.1164,218.55,1688749200000
83,5.1159,5.1168,5.0992,5.1082,120.26,1688751000000
84,5.1094,5.1186,5.0998,5.1004,280.10,1688752800000
85,5.0994,5.1013,5.0760,5.0772,85.90,1688754600000
86,5.0791,5.0946,5.0722,5.0868,326.71,1688756400000
87,5.0876,5.1064,5.0876,5.1006,0.62,1688758200000
88,5.0994,5.1001,5.0847,5.0882,222.94,1688760000000
89,5.0878,5.0956,5.0797,5.0898,14.36,1688761800000
90,5.0907,5.1065,5.0904,5.1035,212.68,1688763600000
91,5.1035,5.1043,5.0859,5.0863,100.60,1688765400000
92,5.0878,5.0973,5.0837,5.0873,115.48,1688767200000
93,5.0874,5.1037,5.0873,5.1021,26.89,1688769000000
94,5.1018,5.1104,5.1002,5.1069,85.63,1688770800000
95,5.1078,5.1206,5.1054,5.1206,423.86,1688772600000
96,5.1198,5.1200,5.1064,5.1186,698.61,1688774400000
97,5.1191,5.1380,5.1180,5.1380,102.85,1688776200000
98,5.1391,5.1602,5.1347,5.1572,1966.74,1688778000000
99,5.1535,5.1677,5.1441,5.1611,213.45,1688779800000
100,5.1611,5.1651,5.1484,5.1505,135.62,1688781600000
101,5.1481,5.1590,5.1455,5.1584,135.99,1688783400000
102,5.1589,5.1642,5.1491,5.1510,47.91,1688785200000
103,5.1471,5.1529,5.1361,5.1382,63.18,1688787000000
104,5.1400,5.1624,5.1346,5.1585,712.44,1688788800000
105,5.1585,5.1640,5.1400,5.1461,300.70,1688790600000
106,5.1458,5.1458,5.1168,5.1417,112.57,1688792400000
107,5.1417,5.1536,5.1361,5.1528,529.26,1688794200000
108,5.1528,5.1557,5.1379,5.1419,142.36,1688796000000
109,5.1432,5.1500,5.1390,5.1426,226.36,1688797800000
110,5.1417,5.1592,5.1398,5.1562,48.27,1688799600000
111,5.1576,5.1647,5.1467,5.1467,111.60,1688801400000
112,5.1467,5.1677,5.1409,5.1664,136.31,1688803200000
113,5.1664,5.1843,5.1653,5.1761,632.73,1688805000000
114,5.1772,5.1850,5.1670,5.1702,48.02,1688806800000
115,5.1717,5.1941,5.1691,5.1941,951.93,1688808600000
116,5.1936,5.1955,5.1834,5.1900,119.91,1688810400000
117,5.1901,5.1941,5.1757,5.1841,232.80,1688812200000
118,5.1851,5.1936,5.1471,5.1556,455.14,1688814000000
119,5.1565,5.1647,5.1435,5.1639,246.48,1688815800000
120,5.1645,5.1684,5.1485,5.1684,154.19,1688817600000
121,5.1672,5.1794,5.1554,5.1577,227.01,1688819400000
122,5.1554,5.1821,5.1554,5.1821,163.84,1688821200000
123,5.1848,5.1875,5.1683,5.1717,448.70,1688823000000
124,5.1749,5.1749,5.1621,5.1705,320.76,1688824800000
125,5.1705,5.1811,5.1612,5.1630,106.58,1688826600000
126,5.1631,5.1701,5.1509,5.1529,132.06,1688828400000
127,5.1548,5.1704,5.1500,5.1510,146.56,1688830200000
128,5.1530,5.1642,5.1467,5.1570,235.41,1688832000000
129,5.1572,5.1724,5.1471,5.1590,193.42,1688833800000
130,5.1560,5.1590,5.1424,5.1448,197.71,1688835600000
131,5.1442,5.1478,5.1427,5.1450,367.81,1688837400000
132,5.1439,5.1439,5.1250,5.1319,299.34,1688839200000
133,5.1324,5.1350,5.1256,5.1320,639.01,1688841000000
134,5.1316,5.1316,5.0694,5.0854,1677.87,1688842800000
135,5.0867,5.0867,5.0672,5.0673,385.77,1688844600000
136,5.0675,5.0753,5.0578,5.0749,417.69,1688846400000
137,5.0718,5.0885,5.0657,5.0885,74.86,1688848200000
138,5.0843,5.0941,5.0766,5.0941,262.01,1688850000000
139,5.0962,5.1102,5.0925,5.1102,242.67,1688851800000
140,5.1101,5.1101,5.0996,5.1044,199.34,1688853600000
141,5.1051,5.1233,5.1014,5.1233,84.99,1688855400000
142,5.1234,5.1242,5.1117,5.1198,174.28,1688857200000
143,5.1209,5.1323,5.1106,5.1307,37.33,1688859000000
144,5.1305,5.1315,5.1171,5.1223,260.26,1688860800000
145,5.1251,5.1424,5.1251,5.1401,76.47,1688862600000
146,5.1383,5.1610,5.1383,5.1561,108.74,1688864400000
147,5.1551,5.1612,5.1472,5.1541,667.23,1688866200000
148,5.1574,5.1583,5.1440,5.1440,332.62,1688868000000
149,5.1444,5.1557,5.1326,5.1522,184.10,1688869800000
150,5.1522,5.1537,5.1441,5.1537,27.45,1688871600000
151,5.1550,5.1614,5.1485,5.1485,1.62,1688873400000
152,5.1501,5.1501,5.1312,5.1372,40.78,1688875200000
153,5.1377,5.1451,5.1339,5.1415,190.81,1688877000000
154,5.1402,5.1486,5.1342,5.1342,0.65,1688878800000
155,5.1332,5.1493,5.1327,5.1366,542.36,1688880600000
156,5.1371,5.1408,5.1222,5.1257,38.73,1688882400000
157,5.1241,5.1269,5.1155,5.1161,0.64,1688884200000
158,5.1152,5.1220,5.1086,5.1131,303.15,1688886000000
159,5.1137,5.1162,5.0960,5.1161,13.33,1688887800000
160,5.1160,5.1160,5.1053,5.1089,509.33,1688889600000
161,5.1094,5.1227,5.1048,5.1227,169.97,1688891400000
162,5.1228,5.1255,5.1063,5.1121,111.92,1688893200000
163,5.1115,5.1116,5.1069,5.1102,123.55,1688895000000
164,5.1114,5.1160,5.1067,5.1145,196.10,1688896800000
165,5.1148,5.1165,5.1041,5.1055,190.50,1688898600000
166,5.1040,5.1149,5.0959,5.1124,273.47,1688900400000
167,5.1149,5.1178,5.1057,5.1059,125.95,1688902200000
168,5.1062,5.1129,5.0985,5.1129,326.11,1688904000000
169,5.1131,5.1255,5.1122,5.1227,224.22,1688905800000
170,5.1230,5.1271,5.1135,5.1143,175.52,1688907600000
171,5.1137,5.1152,5.0939,5.0939,168.44,1688909400000
172,5.0872,5.0910,5.0671,5.0889,202.21,1688911200000
173,5.0879,5.1175,5.0877,5.1071,124.99,1688913000000
174,5.1070,5.1154,5.0960,5.1064,225.52,1688914800000
175,5.1056,5.1107,5.0921,5.0940,148.60,1688916600000
176,5.0920,5.0962,5.0858,5.0941,148.83,1688918400000
177,5.0963,5.1063,5.0829,5.0851,251.92,1688920200000
178,5.0843,5.0940,5.0818,5.0931,368.69,1688922000000
179,5.0926,5.0976,5.0849,5.0966,197.41,1688923800000
180,5.0961,5.0961,5.0796,5.0806,418.43,1688925600000
181,5.0803,5.0873,5.0767,5.0769,543.35,1688927400000
182,5.0770,5.0778,5.0661,5.0761,106.50,1688929200000
183,5.0756,5.0891,5.0741,5.0855,120.76,1688931000000
184,5.0831,5.0851,5.0708,5.0721,145.78,1688932800000
185,5.0716,5.0886,5.0647,5.0878,630.61,1688934600000
186,5.0882,5.0947,5.0733,5.0891,143.68,1688936400000
187,5.0870,5.0979,5.0819,5.0854,77.79,1688938200000
188,5.0851,5.0887,5.0696,5.0887,241.17,1688940000000
189,5.0836,5.1100,5.0836,5.1062,559.79,1688941800000
190,5.1061,5.1062,5.0710,5.0752,21.75,1688943600000
191,5.0770,5.0823,5.0700,5.0823,96.26,1688945400000
192,5.0816,5.0841,4.9895,5.0171,1286.61,1688947200000
193,5.0222,5.0560,5.0180,5.0376,639.15,1688949000000
194,5.0311,5.0535,5.0171,5.0429,567.37,1688950800000
195,5.0451,5.0561,5.0161,5.0219,116.75,1688952600000
196,5.0218,5.0367,5.0108,5.0367,0.65,1688954400000
197,5.0390,5.0598,5.0310,5.0598,470.78,1688956200000
198,5.0605,5.0731,5.0469,5.0503,162.48,1688958000000
199,5.0503,5.0503,5.0322,5.0326,204.89,1688959800000
200,5.0334,5.0407,5.0189,5.0356,383.94,1688961600000
201,5.0347,5.0582,5.0347,5.0447,589.83,1688963400000
202,5.0438,5.0544,5.0286,5.0311,122.14,1688965200000
203,5.0329,5.0409,5.0249,5.0266,37.70,1688967000000
204,5.0246,5.0376,5.0246,5.0354,431.58,1688968800000
205,5.0353,5.0427,5.0230,5.0275,583.53,1688970600000
206,5.0315,5.0565,5.0275,5.0493,52.72,1688972400000
207,5.0495,5.0637,5.0457,5.0637,196.50,1688974200000
208,5.0638,5.0645,5.0131,5.0340,442.38,1688976000000
209,5.0319,5.0354,5.0128,5.0307,236.61,1688977800000
210,5.0325,5.0775,5.0159,5.0751,147.50,1688979600000
211,5.0751,5.0850,5.0536,5.0585,860.88,1688981400000
212,5.0575,5.0648,5.0533,5.0576,825.08,1688983200000
213,5.0586,5.0854,5.0586,5.0702,253.20,1688985000000
214,5.0697,5.0807,5.0651,5.0750,1712.88,1688986800000
215,5.0780,5.0953,5.0729,5.0936,1026.05,1688988600000
216,5.0973,5.1014,5.0831,5.0911,1531.38,1688990400000
217,5.0927,5.1007,5.0625,5.0667,356.36,1688992200000
218,5.0680,5.0761,5.0641,5.0686,432.33,1688994000000
219,5.0691,5.0988,5.0686,5.0856,1013.41,1688995800000
220,5.0856,5.1025,5.0830,5.1000,804.73,1688997600000
221,5.1023,5.1237,5.0955,5.1108,2452.38,1688999400000
222,5.1132,5.1132,5.0969,5.0998,569.69,1689001200000
223,5.1036,5.1153,5.0980,5.1121,456.91,1689003000000
224,5.1140,5.1173,5.0888,5.0926,649.86,1689004800000
225,5.0941,5.1200,5.0926,5.1183,1096.25,1689006600000
226,5.1189,5.1568,5.1189,5.1562,363.60,1689008400000
227,5.1582,5.1607,5.1300,5.1351,661.80,1689010200000
228,5.1352,5.1370,5.1165,5.1351,1042.46,1689012000000
229,5.1353,5.1704,5.1353,5.1695,386.09,1689013800000
230,5.1699,5.1917,5.1673,5.1866,727.87,1689015600000
231,5.1885,5.2064,5.1793,5.1961,1041.09,1689017400000
232,5.2031,5.2340,5.1975,5.2042,1384.82,1689019200000
233,5.2036,5.2104,5.1772,5.1910,657.19,1689021000000
234,5.1890,5.1902,5.1750,5.1785,393.12,1689022800000
235,5.1802,5.2093,5.1467,5.1571,4217.18,1689024600000
236,5.1524,5.1654,5.1030,5.1397,3009.31,1689026400000
237,5.1342,5.1400,5.1122,5.1205,596.98,1689028200000
238,5.1225,5.1426,5.1224,5.1426,842.52,1689030000000
239,5.1390,5.1445,5.1220,5.1375,806.86,1689031800000
240,5.1375,5.1540,5.1239,5.1432,819.08,1689033600000
241,5.1432,5.1437,5.0948,5.1147,406.11,1689035400000
242,5.1150,5.1360,5.1061,5.1352,129.58,1689037200000
243,5.1368,5.1418,5.1193,5.1267,916.49,1689039000000
244,5.1271,5.1367,5.1238,5.1327,241.60,1689040800000
245,5.1342,5.1422,5.1093,5.1115,1625.92,1689042600000
246,5.1115,5.1262,5.1115,5.1132,115.75,1689044400000
247,5.1151,5.1287,5.1141,5.1287,101.00,1689046200000
248,5.1317,5.1445,5.1265,5.1329,2068.83,1689048000000
249,5.1349,5.1349,5.1243,5.1331,637.58,1689049800000
250,5.1332,5.1379,5.1300,5.1312,622.23,1689051600000
251,5.1316,5.1381,5.1276,5.1381,573.98,1689053400000
252,5.1381,5.1481,5.1360,5.1470,461.84,1689055200000
253,5.1590,5.1801,5.1590,5.1763,787.48,1689057000000
254,5.1777,5.1792,5.1605,5.1606,1444.61,1689058800000
255,5.1614,5.1656,5.1525,5.1525,280.84,1689060600000
256,5.1523,5.1565,5.1467,5.1565,293.39,1689062400000
257,5.1591,5.1591,5.1391,5.1397,351.99,1689064200000
258,5.1380,5.1424,5.1138,5.1183,674.45,1689066000000
259,5.1203,5.1203,5.1056,5.1197,547.57,1689067800000
260,5.1196,5.1204,5.1085,5.1101,712.64,1689069600000
261,5.1097,5.1186,5.0968,5.1153,1249.71,1689071400000
262,5.1132,5.1261,5.1112,5.1213,694.24,1689073200000
263,5.1214,5.1352,5.1205,5.1275,429.48,1689075000000
264,5.1275,5.1313,5.1146,5.1249,391.17,1689076800000
265,5.1268,5.1459,5.1268,5.1459,331.42,1689078600000
266,5.1458,5.1490,5.1336,5.1404,433.17,1689080400000
267,5.1417,5.1599,5.1339,5.1518,890.44,1689082200000
268,5.1528,5.1581,5.1268,5.1562,1903.50,1689084000000
269,5.1557,5.1705,5.1534,5.1557,1208.46,1689085800000
270,5.1548,5.1797,5.1429,5.1502,1479.19,1689087600000
271,5.1512,5.1594,5.1400,5.1544,341.48,1689089400000
272,5.1561,5.1590,5.1313,5.1333,126.46,1689091200000
273,5.1321,5.1634,5.1321,5.1569,599.43,1689093000000
274,5.1564,5.1725,5.1538,5.1686,152.19,1689094800000
275,5.1681,5.1688,5.1523,5.1565,116.01,1689096600000
276,5.1565,5.1736,5.1524,5.1600,870.45,1689098400000
277,5.1600,5.1646,5.1472,5.1626,128.10,1689100200000
278,5.1616,5.1731,5.1534,5.1710,197.39,1689102000000
279,5.1735,5.1770,5.1672,5.1692,334.38,1689103800000
280,5.1703,5.1871,5.1702,5.1823,891.32,1689105600000
281,5.1847,5.1847,5.1704,5.1796,864.29,1689107400000
282,5.1824,5.1856,5.1681,5.1795,440.96,1689109200000
283,5.1797,5.1841,5.1703,5.1732,458.78,1689111000000
284,5.1731,5.1893,5.1721,5.1841,203.16,1689112800000
285,5.1841,5.2064,5.1811,5.2028,815.77,1689114600000
286,5.2048,5.2094,5.2027,5.2094,375.29,1689116400000
287,5.2114,5.2199,5.2082,5.2164,1078.93,1689118200000
288,5.2164,5.2459,5.2108,5.2459,274.02,1689120000000
289,5.2445,5.2549,5.2332,5.2340,696.21,1689121800000
290,5.2341,5.2663,5.2333,5.2580,1048.22,1689123600000
291,5.2579,5.2756,5.2454,5.2734,273.12,1689125400000
292,5.2745,5.3046,5.2688,5.2952,1215.72,1689127200000
293,5.2929,5.3051,5.2866,5.3021,575.60,1689129000000
294,5.3021,5.3124,5.2701,5.2701,40.11,1689130800000
295,5.2709,5.2721,5.2527,5.2530,124.10,1689132600000
296,5.2548,5.2548,5.2361,5.2366,402.44,1689134400000
297,5.2365,5.2497,5.2302,5.2471,558.08,1689136200000
298,5.2492,5.2579,5.2422,5.2513,215.21,1689138000000
299,5.2518,5.2587,5.2466,5.2510,147.65,1689139800000
300,5.2526,5.2553,5.2315,5.2473,706.33,1689141600000
301,5.2483,5.2658,5.2466,5.2608,1311.04,1689143400000
302,5.2678,5.2678,5.2507,5.2524,542.89,1689145200000
303,5.2511,5.2669,5.2511,5.2556,748.87,1689147000000
304,5.2549,5.2563,5.2390,5.2502,215.17,1689148800000
305,5.2502,5.2632,5.2484,5.2632,34.07,1689150600000
306,5.2634,5.2699,5.2462,5.2465,423.64,1689152400000
307,5.2465,5.2569,5.2465,5.2562,462.82,1689154200000
308,5.2568,5.2568,5.2452,5.2492,278.84,1689156000000
309,5.2491,5.2529,5.2451,5.2516,475.54,1689157800000
310,5.2512,5.2586,5.2471,5.2586,383.58,1689159600000
311,5.2583,5.2583,5.2394,5.2434,954.89,1689161400000
312,5.2445,5.2504,5.2353,5.2462,669.15,1689163200000
313,5.2442,5.2854,5.2425,5.2537,2269.52,1689165000000
314,5.2549,5.2737,5.2495,5.2505,1416.14,1689166800000
315,5.2520,5.2558,5.2109,5.2364,893.11,1689168600000
316,5.2369,5.2573,5.2352,5.2486,331.47,1689170400000
317,5.2479,5.2591,5.2459,5.2459,108.83,1689172200000
318,5.2469,5.2485,5.2128,5.2195,260.72,1689174000000
319,5.2194,5.2208,5.1737,5.1823,478.47,1689175800000
320,5.1819,5.1819,5.1474,5.1695,707.89,1689177600000
321,5.1685,5.1855,5.1671,5.1807,472.54,1689179400000
322,5.1847,5.1950,5.1785,5.1875,1020.96,1689181200000
323,5.1876,5.1984,5.1795,5.1866,215.34,1689183000000
324,5.1865,5.1979,5.1842,5.1979,218.60,1689184800000
325,5.1921,5.1975,5.1852,5.1890,439.85,1689186600000
326,5.1896,5.1915,5.1402,5.1543,700.46,1689188400000
327,5.1518,5.1518,5.1135,5.1153,400.58,1689190200000
328,5.1149,5.1278,5.1072,5.1278,236.38,1689192000000
329,5.1284,5.1376,5.1220,5.1354,842.90,1689193800000
330,5.1345,5.1345,5.1224,5.1267,1796.12,1689195600000
331,5.1269,5.1335,5.1167,5.1241,727.11,1689197400000
332,5.1240,5.1262,5.1161,5.1204,596.29,1689199200000
333,5.1204,5.1341,5.1204,5.1341,110.20,1689201000000
334,5.1351,5.1411,5.1326,5.1411,352.94,1689202800000
335,5.1411,5.1561,5.1391,5.1504,0.67,1689204600000
336,5.1491,5.1633,5.1439,5.1465,378.16,1689206400000
337,5.1478,5.1478,5.1186,5.1199,133.38,1689208200000
338,5.1205,5.1334,5.1117,5.1234,410.49,1689210000000
339,5.1227,5.1447,5.1107,5.1416,147.99,1689211800000
340,5.1396,5.1396,5.1296,5.1376,0.64,1689213600000
341,5.1376,5.1376,5.1176,5.1222,57.71,1689215400000
342,5.1219,5.1289,5.1072,5.1106,339.73,1689217200000
343,5.1058,5.1171,5.1058,5.1161,68.80,1689219000000
344,5.1180,5.1253,5.0995,5.1232,950.32,1689220800000
345,5.1235,5.1338,5.1214,5.1315,536.10,1689222600000
346,5.1291,5.1439,5.1200,5.1430,393.19,1689224400000
347,5.1425,5.1581,5.1414,5.1579,317.26,1689226200000
348,5.1586,5.1750,5.1577,5.1732,893.72,1689228000000
349,5.1747,5.1799,5.1639,5.1757,726.89,1689229800000
350,5.1777,5.1842,5.1730,5.1835,2162.49,1689231600000
351,5.1845,5.1866,5.1643,5.1643,493.49,1689233400000
352,5.1645,5.1751,5.1586,5.1742,146.29,1689235200000
353,5.1742,5.1758,5.1674,5.1736,112.67,1689237000000
354,5.1739,5.1840,5.1707,5.1829,331.11,1689238800000
355,5.1839,5.2567,5.1839,5.2481,1198.16,1689240600000
356,5.2467,5.2512,5.2285,5.2457,1447.22,1689242400000
357,5.2457,5.2593,5.2457,5.2517,38.69,1689244200000
358,5.2515,5.2654,5.2515,5.2632,385.14,1689246000000
359,5.2633,5.2672,5.2564,5.2566,350.99,1689247800000
360,5.2580,5.2670,5.2328,5.2338,370.94,1689249600000
361,5.2303,5.2490,5.2218,5.2311,651.42,1689251400000
362,5.2307,5.2443,5.2272,5.2384,1136.58,1689253200000
363,5.2369,5.2550,5.2340,5.2547,268.89,1689255000000
364,5.2544,5.2544,5.2245,5.2286,222.35,1689256800000
365,5.2316,5.2434,5.2256,5.2282,483.27,1689258600000
366,5.2302,5.2875,5.2252,5.2859,500.39,1689260400000
367,5.2920,5.3903,5.2914,5.3525,1627.98,1689262200000
368,5.3578,5.4024,5.3360,5.3703,1500.30,1689264000000
369,5.3703,5.3753,5.3325,5.3707,2692.40,1689265800000
370,5.3691,5.3939,5.3628,5.3893,1425.92,1689267600000
371,5.3874,5.4534,5.3866,5.4397,6093.58,1689269400000
372,5.4430,5.5344,5.4430,5.5289,3413.86,1689271200000
373,5.5264,5.5407,5.4450,5.5373,3619.41,1689273000000
374,5.5373,5.5460,5.5028,5.5362,1570.47,1689274800000
375,5.5353,5.5472,5.5036,5.5262,2375.94,1689276600000
376,5.5233,5.5272,5.4945,5.5035,1076.80,1689278400000
377,5.5043,5.5113,5.4633,5.4656,1056.98,1689280200000
378,5.4683,5.4683,5.3888,5.4138,3066.99,1689282000000
379,5.4160,5.4676,5.4160,5.4651,852.24,1689283800000
380,5.4658,5.5166,5.4658,5.5150,390.22,1689285600000
381,5.5161,5.5300,5.5060,5.5268,535.37,1689287400000
382,5.5268,5.5495,5.5265,5.5417,182.12,1689289200000
383,5.5460,5.5538,5.5356,5.5465,62.39,1689291000000
384,5.5543,5.7446,5.5468,5.6244,3900.29,1689292800000
385,5.6357,5.6516,5.5936,5.6277,697.19,1689294600000
386,5.6272,5.6272,5.5554,5.5987,683.28,1689296400000
387,5.6009,5.6419,5.6009,5.6390,867.25,1689298200000
388,5.6403,5.6475,5.6000,5.6215,1070.01,1689300000000
389,5.6213,5.6352,5.6179,5.6241,1019.22,1689301800000
390,5.6222,5.6457,5.6190,5.6457,381.86,1689303600000
391,5.6420,5.6710,5.6317,5.6666,1579.34,1689305400000
392,5.6671,5.6808,5.6545,5.6729,313.52,1689307200000
393,5.6735,5.6785,5.6308,5.6372,301.76,1689309000000
394,5.6379,5.6379,5.6019,5.6024,836.27,1689310800000
395,5.6029,5.6265,5.6029,5.6265,2091.90,1689312600000
396,5.6266,5.6341,5.6177,5.6190,1121.78,1689314400000
397,5.6191,5.6325,5.6110,5.6320,563.10,1689316200000
398,5.6354,5.6419,5.6144,5.6288,492.31,1689318000000
399,5.6288,5.6288,5.5400,5.5509,2278.02,1689319800000
400,5.5505,5.6075,5.5358,5.5953,1235.69,1689321600000
401,5.5985,5.6179,5.5952,5.6145,1253.52,1689323400000
402,5.6158,5.6187,5.5767,5.5926,2308.18,1689325200000
403,5.5915,5.6073,5.5575,5.6046,899.48,1689327000000
404,5.5974,5.6071,5.5830,5.6044,843.52,1689328800000
405,5.6009,5.6061,5.5702,5.5804,767.58,1689330600000
406,5.5817,5.6408,5.5718,5.6302,519.77,1689332400000
407,5.6308,5.6402,5.6172,5.6271,965.11,1689334200000
408,5.6290,5.6298,5.6030,5.6120,480.36,1689336000000
409,5.6094,5.6140,5.5838,5.6097,501.42,1689337800000
410,5.6045,5.6342,5.6034,5.6250,628.70,1689339600000
411,5.6253,5.6581,5.6025,5.6555,913.97,1689341400000
412,5.6443,5.6561,5.6321,5.6350,619.01,1689343200000
413,5.6360,5.6490,5.6205,5.6466,1710.67,1689345000000
414,5.6450,5.6823,5.6360,5.6812,463.21,1689346800000
415,5.6799,5.6844,5.6436,5.6629,670.94,1689348600000
416,5.6603,5.6850,5.6087,5.6087,2770.04,1689350400000
417,5.6025,5.6325,5.5340,5.6064,2074.20,1689352200000
418,5.6025,5.6064,5.4598,5.5535,3636.89,1689354000000
419,5.5535,5.5823,5.4786,5.4839,1504.94,1689355800000
420,5.4846,5.5231,5.3944,5.3952,3467.92,1689357600000
421,5.3896,5.3896,5.2975,5.3457,4826.53,1689359400000
422,5.3432,5.4000,5.3228,5.3810,1739.94,1689361200000
423,5.3821,5.3821,5.3312,5.3333,750.57,1689363000000
424,5.3370,5.3538,5.3283,5.3359,832.19,1689364800000
425,5.3377,5.3894,5.3241,5.3788,923.10,1689366600000
426,5.3778,5.3955,5.3699,5.3866,369.13,1689368400000
427,5.3864,5.4039,5.3756,5.4039,393.88,1689370200000
428,5.4030,5.4030,5.3863,5.3863,558.38,1689372000000
429,5.3894,5.4091,5.3845,5.3991,654.36,1689373800000
430,5.3989,5.4472,5.3968,5.4436,514.40,1689375600000
431,5.4408,5.4599,5.4375,5.4584,72.28,1689377400000
432,5.4546,5.4546,5.4194,5.4320,267.39,1689379200000
433,5.4384,5.4384,5.4138,5.4345,364.58,1689381000000
434,5.4340,5.4340,5.4032,5.4165,32.93,1689382800000
435,5.4161,5.4371,5.4131,5.4176,433.97,1689384600000
436,5.4197,5.4275,5.4091,5.4255,206.14,1689386400000
437,5.4266,5.4488,5.4266,5.4388,879.25,1689388200000
438,5.4399,5.4437,5.3964,5.3964,651.33,1689390000000
439,5.3987,5.4215,5.3986,5.4034,225.28,1689391800000
440,5.4044,5.4250,5.4029,5.4230,35.31,1689393600000
441,5.4232,5.4248,5.4034,5.4158,488.62,1689395400000
442,5.4156,5.4194,5.3890,5.3954,433.82,1689397200000
443,5.3922,5.4146,5.3877,5.4135,37.06,1689399000000
444,5.4112,5.4262,5.3978,5.4165,214.28,1689400800000
445,5.4177,5.4570,5.4177,5.4556,1290.47,1689402600000
446,5.4590,5.5295,5.4555,5.5159,769.12,1689404400000
447,5.5195,5.5650,5.5190,5.5493,783.15,1689406200000
448,5.5496,5.5565,5.5135,5.5309,921.96,1689408000000
449,5.5305,5.5394,5.5067,5.5094,1053.46,1689409800000
450,5.5120,5.5120,5.4913,5.4949,345.52,1689411600000
451,5.4949,5.5004,5.4880,5.4973,410.13,1689413400000
452,5.5004,5.5291,5.5004,5.5168,558.41,1689415200000
453,5.5165,5.5190,5.4900,5.4986,502.83,1689417000000
454,5.4976,5.5011,5.4755,5.4881,466.87,1689418800000
455,5.4894,5.4903,5.4805,5.4855,357.08,1689420600000
456,5.4896,5.5016,5.4792,5.4985,573.69,1689422400000
457,5.4955,5.5077,5.4824,5.4949,593.42,1689424200000
458,5.4941,5.4951,5.4675,5.4722,978.56,1689426000000
459,5.4722,5.4883,5.4556,5.4836,938.30,1689427800000
460,5.4900,5.4946,5.4675,5.4802,897.90,1689429600000
461,5.4836,5.4961,5.4757,5.4773,371.38,1689431400000
462,5.4807,5.5177,5.4675,5.4990,804.07,1689433200000
463,5.4990,5.5032,5.4879,5.4879,246.48,1689435000000
464,5.4879,5.4911,5.4602,5.4852,567.17,1689436800000
465,5.4900,5.4936,5.4712,5.4724,796.49,1689438600000
466,5.4748,5.4900,5.4670,5.4811,366.85,1689440400000
467,5.4793,5.4795,5.4537,5.4581,335.46,1689442200000
468,5.4596,5.4737,5.4551,5.4729,733.50,1689444000000
469,5.4755,5.4999,5.4710,5.4845,1002.27,1689445800000
470,5.4835,5.4969,5.4835,5.4956,352.77,1689447600000
471,5.4931,5.4985,5.4676,5.4676,2356.42,1689449400000
472,5.4697,5.4697,5.4345,5.4345,772.32,1689451200000
473,5.4317,5.4348,5.4184,5.4304,674.56,1689453000000
474,5.4278,5.4278,5.4006,5.4138,226.24,1689454800000
475,5.4118,5.4159,5.4013,5.4074,309.69,1689456600000
476,5.4105,5.4196,5.4032,5.4192,62.20,1689458400000
477,5.4182,5.4210,5.4030,5.4210,2.85,1689460200000
478,5.4200,5.4260,5.4183,5.4248,8.57,1689462000000
479,5.4238,5.4339,5.4226,5.4339,102.60,1689463800000
480,5.4372,5.4450,5.4194,5.4210,52.63,1689465600000
481,5.4243,5.4292,5.4173,5.4175,12.43,1689467400000
482,5.4175,5.4478,5.4175,5.4440,438.11,1689469200000
483,5.4486,5.4493,5.4270,5.4291,431.98,1689471000000
484,5.4273,5.4358,5.3325,5.3624,1051.32,1689472800000
485,5.3607,5.3939,5.3449,5.3782,30.09,1689474600000
486,5.3785,5.3785,5.3375,5.3550,1834.10,1689476400000
487,5.3560,5.3692,5.3516,5.3550,243.12,1689478200000
488,5.3590,5.3670,5.3502,5.3608,273.51,1689480000000
489,5.3607,5.3617,5.3463,5.3596,264.19,1689481800000
490,5.3606,5.3878,5.3585,5.3823,43.18,1689483600000
491,5.3819,5.3878,5.3714,5.3863,449.12,1689485400000
492,5.3877,5.3877,5.3665,5.3709,893.61,1689487200000
493,5.3714,5.3977,5.3654,5.3846,326.99,1689489000000
494,5.3866,5.3979,5.3821,5.3973,473.89,1689490800000
495,5.3985,5.3991,5.3848,5.3848,7.44,1689492600000
496,5.3836,5.3941,5.3798,5.3813,270.33,1689494400000
497,5.3812,5.3830,5.3680,5.3711,536.07,1689496200000
498,5.3696,5.3923,5.3683,5.3904,75.77,1689498000000
499,5.3915,5.3931,5.3756,5.3850,199.36,1689499800000
500,5.3852,5.4086,5.3850,5.3946,253.84,1689501600000
501,5.3986,5.4013,5.3708,5.3816,260.12,1689503400000
502,5.3822,5.4036,5.3802,5.3840,334.20,1689505200000
503,5.3828,5.4108,5.3828,5.4011,28.43,1689507000000
504,5.4015,5.4152,5.3739,5.3828,655.98,1689508800000
505,5.3884,5.3913,5.3747,5.3759,144.51,1689510600000
506,5.3791,5.3818,5.3620,5.3727,326.56,1689512400000
507,5.3722,5.3892,5.3714,5.3737,102.83,1689514200000
508,5.3737,5.4011,5.3722,5.3926,762.66,1689516000000
509,5.3948,5.4112,5.3852,5.4002,2139.76,1689517800000
510,5.3984,5.4105,5.3863,5.3990,100.64,1689519600000
511,5.3991,5.4021,5.3788,5.3880,187.49,1689521400000
512,5.3863,5.3873,5.3693,5.3854,876.88,1689523200000
513,5.3863,5.3901,5.3618,5.3705,424.47,1689525000000
514,5.3711,5.3913,5.3671,5.3913,287.56,1689526800000
515,5.3907,5.3943,5.3795,5.3876,1114.88,1689528600000
516,5.3876,5.3951,5.3614,5.3624,1006.98,1689530400000
517,5.3615,5.3667,5.3325,5.3382,4438.65,1689532200000
518,5.3384,5.3525,5.3281,5.3392,185.89,1689534000000
519,5.3384,5.3433,5.3100,5.3110,1372.22,1689535800000
520,5.3186,5.3404,5.3100,5.3331,700.12,1689537600000
521,5.3321,5.3529,5.3316,5.3375,340.95,1689539400000
522,5.3367,5.3641,5.3294,5.3641,667.29,1689541200000
523,5.3623,5.3646,5.3493,5.3617,136.86,1689543000000
524,5.3624,5.3697,5.3499,5.3519,584.79,1689544800000
525,5.3499,5.3596,5.3392,5.3449,71.37,1689546600000
526,5.3453,5.3460,5.3092,5.3111,1242.92,1689548400000
527,5.3091,5.3147,5.2650,5.3129,1422.57,1689550200000
528,5.3138,5.3443,5.2956,5.3191,748.69,1689552000000
529,5.3236,5.3236,5.2960,5.3050,178.09,1689553800000
530,5.3016,5.3391,5.3016,5.3355,327.53,1689555600000
531,5.3374,5.3551,5.3361,5.3413,439.86,1689557400000
532,5.3380,5.3624,5.3380,5.3624,1456.11,1689559200000
533,5.3607,5.3745,5.3495,5.3496,32.89,1689561000000
534,5.3507,5.3823,5.3463,5.3796,626.54,1689562800000
535,5.3774,5.4029,5.3772,5.3984,780.55,1689564600000
536,5.3957,5.4037,5.3829,5.3997,679.27,1689566400000
537,5.3993,5.4119,5.3915,5.4117,104.44,1689568200000
538,5.4112,5.4200,5.3989,5.4058,267.47,1689570000000
539,5.4070,5.4094,5.3845,5.3884,317.89,1689571800000
540,5.3893,5.4089,5.3892,5.3964,176.93,1689573600000
541,5.3980,5.4041,5.3775,5.3902,423.00,1689575400000
542,5.3881,5.4000,5.3816,5.4000,203.72,1689577200000
543,5.4027,5.4027,5.3852,5.3954,32.40,1689579000000
544,5.3957,5.4105,5.3802,5.4101,94.13,1689580800000
545,5.4155,5.4181,5.3922,5.3935,276.78,1689582600000
546,5.3919,5.3998,5.3537,5.3696,463.59,1689584400000
547,5.3648,5.3648,5.2976,5.2993,379.53,1689586200000
548,5.3017,5.3204,5.1936,5.2587,851.70,1689588000000
549,5.2624,5.2800,5.2345,5.2792,198.74,1689589800000
550,5.2788,5.3022,5.2764,5.2930,1404.90,1689591600000
551,5.2956,5.3015,5.2710,5.2710,1043.83,1689593400000
552,5.2707,5.2740,5.2079,5.2118,243.80,1689595200000
553,5.2098,5.2628,5.2037,5.2543,386.67,1689597000000
554,5.2600,5.2862,5.2423,5.2827,168.34,1689598800000
555,5.2804,5.3068,5.2676,5.3063,135.82,1689600600000
556,5.3071,5.3146,5.2928,5.2954,269.72,1689602400000
557,5.2965,5.3200,5.2929,5.3168,149.48,1689604200000
558,5.3162,5.3191,5.2801,5.2801,185.80,1689606000000
559,5.2773,5.2890,5.2676,5.2845,0.66,1689607800000
560,5.2824,5.3057,5.2664,5.2804,370.82,1689609600000
561,5.2835,5.2855,5.2348,5.2458,1433.24,1689611400000
562,5.2446,5.2640,5.1769,5.2349,673.32,1689613200000
563,5.2390,5.2594,5.2326,5.2326,1001.47,1689615000000
564,5.2338,5.2510,5.2223,5.2496,1054.45,1689616800000
565,5.2477,5.2477,5.1792,5.2205,1004.45,1689618600000
566,5.2186,5.2448,5.2027,5.2251,605.16,1689620400000
567,5.2255,5.2270,5.2120,5.2225,340.11,1689622200000
568,5.2191,5.2410,5.2190,5.2211,573.88,1689624000000
569,5.2187,5.2187,5.2016,5.2100,912.10,1689625800000
570,5.2099,5.2491,5.2080,5.2491,4.46,1689627600000
571,5.2495,5.2920,5.2338,5.2887,247.96,1689629400000
572,5.2907,5.3012,5.2803,5.2962,564.01,1689631200000
573,5.2957,5.3039,5.2753,5.2753,221.52,1689633000000
574,5.2722,5.2992,5.2677,5.2933,189.97,1689634800000
575,5.2949,5.3099,5.2949,5.3061,46.82,1689636600000
576,5.3066,5.3412,5.2980,5.3412,428.26,1689638400000
577,5.3412,5.3859,5.3314,5.3830,8113.94,1689640200000
578,5.3849,5.3913,5.3588,5.3834,388.29,1689642000000
579,5.3837,5.3848,5.3702,5.3759,251.98,1689643800000
580,5.3748,5.3758,5.3590,5.3629,114.64,1689645600000
581,5.3615,5.3794,5.3432,5.3447,399.15,1689647400000
582,5.3445,5.3577,5.3445,5.3558,447.40,1689649200000
583,5.3571,5.3679,5.3475,5.3475,101.06,1689651000000
584,5.3492,5.3566,5.3187,5.3296,1300.16,1689652800000
585,5.3287,5.3403,5.3186,5.3270,156.54,1689654600000
586,5.3285,5.3321,5.3142,5.3154,322.78,1689656400000
587,5.3178,5.3228,5.2925,5.2925,540.72,1689658200000
588,5.2931,5.2977,5.2692,5.2802,557.05,1689660000000
589,5.2752,5.2752,5.2066,5.2252,593.73,1689661800000
590,5.2251,5.2488,5.2100,5.2441,295.98,1689663600000
591,5.2438,5.2462,5.2232,5.2287,3137.62,1689665400000
592,5.2301,5.2668,5.2032,5.2612,139.60,1689667200000
593,5.2642,5.2726,5.2328,5.2345,310.74,1689669000000
594,5.2355,5.2514,5.2330,5.2458,459.94,1689670800000
595,5.2452,5.2458,5.2308,5.2360,425.69,1689672600000
596,5.2346,5.2698,5.2303,5.2583,253.97,1689674400000
597,5.2562,5.2790,5.2562,5.2679,249.99,1689676200000
598,5.2660,5.2756,5.2524,5.2677,51.33,1689678000000
599,5.2654,5.2693,5.1893,5.1932,85.00,1689679800000
600,5.1933,5.2120,5.1688,5.1988,1128.18,1689681600000
601,5.2117,5.2157,5.1856,5.1967,239.20,1689683400000
602,5.1972,5.2117,5.1942,5.1942,806.22,1689685200000
603,5.1935,5.2129,5.1880,5.2073,29.55,1689687000000
604,5.2109,5.2429,5.2030,5.2331,426.10,1689688800000
605,5.2327,5.2409,5.2142,5.2328,106.73,1689690600000
606,5.2311,5.2311,5.1967,5.1974,2554.02,1689692400000
607,5.1998,5.2047,5.1884,5.1996,246.43,1689694200000
608,5.1959,5.2217,5.1832,5.1925,2297.26,1689696000000
609,5.1935,5.1940,5.0988,5.1435,5169.55,1689697800000
610,5.1434,5.1563,5.1261,5.1288,326.99,1689699600000
611,5.1275,5.1484,5.1267,5.1463,264.76,1689701400000
612,5.1464,5.1899,5.1401,5.1899,386.91,1689703200000
613,5.1920,5.1947,5.1688,5.1729,372.99,1689705000000
614,5.1709,5.1829,5.1491,5.1491,252.26,1689706800000
615,5.1490,5.1529,5.1305,5.1335,552.41,1689708600000
616,5.1325,5.1559,5.1325,5.1448,424.54,1689710400000
617,5.1439,5.1615,5.1294,5.1551,341.01,1689712200000
618,5.1519,5.1766,5.1449,5.1702,472.99,1689714000000
619,5.1702,5.1721,5.1621,5.1721,344.25,1689715800000
620,5.1740,5.1741,5.1592,5.1685,264.06,1689717600000
621,5.1701,5.1854,5.1591,5.1819,150.24,1689719400000
622,5.1815,5.1867,5.1651,5.1841,202.90,1689721200000
623,5.1859,5.1870,5.1721,5.1852,422.37,1689723000000
624,5.1859,5.1932,5.1671,5.1912,1123.95,1689724800000
625,5.1958,5.2337,5.1932,5.2334,802.14,1689726600000
626,5.2342,5.2461,5.2231,5.2239,243.68,1689728400000
627,5.2256,5.2390,5.2198,5.2389,162.59,1689730200000
628,5.2459,5.2459,5.2120,5.2139,216.24,1689732000000
629,5.2152,5.2413,5.2152,5.2344,368.55,1689733800000
630,5.2395,5.2553,5.2345,5.2425,1503.62,1689735600000
631,5.2425,5.2479,5.2295,5.2321,1154.02,1689737400000
632,5.2322,5.2500,5.2232,5.2353,1014.03,1689739200000
633,5.2387,5.2468,5.2220,5.2252,2410.15,1689741000000
634,5.2298,5.2500,5.2232,5.2418,806.92,1689742800000
635,5.2430,5.2581,5.2430,5.2542,606.98,1689744600000
636,5.2532,5.2544,5.2287,5.2287,71.50,1689746400000
637,5.2320,5.2341,5.2120,5.2202,123.97,1689748200000
638,5.2223,5.2424,5.2166,5.2410,1563.74,1689750000000
639,5.2420,5.2420,5.2140,5.2180,362.37,1689751800000
640,5.2164,5.2164,5.1972,5.2143,50.13,1689753600000
641,5.2137,5.2172,5.1798,5.1813,823.66,1689755400000
642,5.1801,5.2035,5.1640,5.2026,159.29,1689757200000
643,5.2013,5.2120,5.1930,5.2042,266.67,1689759000000
644,5.2043,5.2136,5.1906,5.1966,2.66,1689760800000
645,5.1980,5.2026,5.1851,5.1871,2.48,1689762600000
646,5.1891,5.1926,5.1797,5.1845,228.10,1689764400000
647,5.1895,5.2041,5.1861,5.2035,131.45,1689766200000
648,5.2012,5.2040,5.1829,5.1840,275.20,1689768000000
649,5.1839,5.1966,5.1761,5.1939,599.52,1689769800000
650,5.1889,5.1964,5.1697,5.1882,522.25,1689771600000
651,5.1901,5.2250,5.1901,5.2106,449.80,1689773400000
652,5.2109,5.2126,5.1681,5.1716,583.09,1689775200000
653,5.1709,5.1718,5.1438,5.1490,333.91,1689777000000
654,5.1496,5.1736,5.1381,5.1715,2917.55,1689778800000
655,5.1714,5.1921,5.1651,5.1855,137.12,1689780600000
656,5.1815,5.1846,5.1639,5.1644,271.65,1689782400000
657,5.1631,5.1676,5.1513,5.1556,233.98,1689784200000
658,5.1527,5.1951,5.1527,5.1930,1174.21,1689786000000
659,5.1895,5.2183,5.1884,5.2056,1688.70,1689787800000
660,5.2051,5.2251,5.1978,5.2226,383.62,1689789600000
661,5.2216,5.2318,5.2029,5.2281,1145.81,1689791400000
662,5.2332,5.2508,5.2306,5.2351,1432.48,1689793200000
663,5.2315,5.2438,5.2198,5.2198,687.51,1689795000000
664,5.2210,5.2304,5.2051,5.2072,1816.75,1689796800000
665,5.2054,5.2260,5.2043,5.2061,672.88,1689798600000
666,5.2041,5.2041,5.1668,5.1891,931.71,1689800400000
667,5.1867,5.2096,5.1867,5.2090,147.08,1689802200000
668,5.2093,5.2126,5.1857,5.1953,1073.61,1689804000000
669,5.1953,5.1969,5.1785,5.1847,1447.31,1689805800000
670,5.1847,5.2008,5.1775,5.1985,330.89,1689807600000
671,5.2003,5.2151,5.1938,5.1959,115.49,1689809400000
672,5.1973,5.2174,5.1957,5.2023,783.75,1689811200000
673,5.2023,5.2379,5.1925,5.2376,527.58,1689813000000
674,5.2358,5.2436,5.2273,5.2378,343.18,1689814800000
675,5.2378,5.2459,5.2357,5.2398,98.89,1689816600000
676,5.2433,5.2689,5.2427,5.2687,2150.44,1689818400000
677,5.2684,5.2850,5.2608,5.2693,202.29,1689820200000
678,5.2714,5.2757,5.2465,5.2465,1063.15,1689822000000
679,5.2446,5.2446,5.2304,5.2410,51.19,1689823800000
680,5.2424,5.2565,5.2265,5.2268,187.13,1689825600000
681,5.2303,5.2487,5.2268,5.2403,151.81,1689827400000
682,5.2384,5.2693,5.2334,5.2676,91.09,1689829200000
683,5.2675,5.2979,5.2675,5.2905,169.15,1689831000000
684,5.2933,5.2942,5.2745,5.2919,351.15,1689832800000
685,5.2919,5.2933,5.2653,5.2801,226.51,1689834600000
686,5.2812,5.3001,5.2792,5.2988,255.41,1689836400000
687,5.3000,5.3160,5.2967,5.3153,350.08,1689838200000
688,5.3177,5.3613,5.3177,5.3589,574.62,1689840000000
689,5.3600,5.3779,5.3410,5.3764,1724.05,1689841800000
690,5.3745,5.4217,5.3528,5.4177,1001.91,1689843600000
691,5.4153,5.4368,5.3937,5.4180,952.09,1689845400000
692,5.4209,5.4350,5.4169,5.4305,205.11,1689847200000
693,5.4345,5.4449,5.4096,5.4137,893.26,1689849000000
694,5.4138,5.4193,5.4028,5.4193,510.12,1689850800000
695,5.4204,5.4538,5.4204,5.4504,627.36,1689852600000
696,5.4554,5.4960,5.4515,5.4515,386.42,1689854400000
697,5.4483,5.4483,5.4046,5.4046,1980.80,1689856200000
698,5.4033,5.4166,5.3927,5.4166,298.63,1689858000000
699,5.4124,5.4209,5.4027,5.4094,1982.44,1689859800000
700,5.4092,5.4130,5.3779,5.3868,884.51,1689861600000
701,5.3807,5.3831,5.2689,5.2987,1637.99,1689863400000
702,5.2991,5.3369,5.2845,5.3369,1424.17,1689865200000
703,5.3367,5.3367,5.2933,5.3049,1020.83,1689867000000
704,5.3031,5.3264,5.2874,5.2925,202.98,1689868800000
705,5.2946,5.2997,5.2787,5.2935,8139.44,1689870600000
706,5.2935,5.3209,5.2934,5.3055,486.14,1689872400000
707,5.3050,5.3282,5.3029,5.3115,176.62,1689874200000
708,5.3109,5.3166,5.2808,5.2833,720.44,1689876000000
709,5.2782,5.2946,5.2641,5.2689,1125.16,1689877800000
710,5.2687,5.2996,5.2667,5.2996,537.09,1689879600000
711,5.3000,5.3061,5.2847,5.3030,72.38,1689881400000
712,5.3030,5.3030,5.2568,5.2719,349.39,1689883200000
713,5.2701,5.2713,5.2361,5.2625,206.48,1689885000000
714,5.2633,5.2991,5.2631,5.2981,114.11,1689886800000
715,5.2965,5.3239,5.2946,5.3239,929.80,1689888600000
716,5.3183,5.3453,5.3154,5.3436,549.34,1689890400000
717,5.3440,5.3558,5.3312,5.3558,348.63,1689892200000
718,5.3541,5.3621,5.3520,5.3621,379.93,1689894000000
719,5.3622,5.3631,5.3426,5.3587,588.38,1689895800000
720,5.3583,5.3867,5.3491,5.3528,210.27,1689897600000
721,5.3558,5.4136,5.3422,5.4069,525.83,1689899400000
722,5.4089,5.5765,5.4089,5.5609,1562.72,1689901200000
723,5.5600,5.6020,5.5104,5.5812,2482.40,1689903000000
724,5.5817,5.6049,5.5651,5.5651,50.86,1689904800000
725,5.5649,5.6285,5.5409,5.6285,1269.59,1689906600000
726,5.6241,5.7057,5.6131,5.6684,500.81,1689908400000
727,5.6673,5.6800,5.6395,5.6582,415.27,1689910200000
728,5.6656,5.6656,5.5732,5.5800,5400.76,1689912000000
729,5.5808,5.6039,5.5616,5.5969,521.96,1689913800000
730,5.5932,5.6034,5.5635,5.5769,696.72,1689915600000
731,5.5778,5.5778,5.5215,5.5217,808.57,1689917400000
732,5.5216,5.5598,5.5152,5.5359,543.51,1689919200000
733,5.5338,5.5338,5.4912,5.4921,204.56,1689921000000
734,5.4966,5.4966,5.4720,5.4841,401.92,1689922800000
735,5.4801,5.4810,5.4375,5.4399,1163.34,1689924600000
736,5.4374,5.4698,5.4347,5.4600,2512.16,1689926400000
737,5.4595,5.4615,5.4414,5.4566,297.44,1689928200000
738,5.4576,5.5169,5.4411,5.5169,1269.63,1689930000000
739,5.5065,5.5093,5.4836,5.4997,673.09,1689931800000
740,5.4972,5.5452,5.4972,5.5307,1127.42,1689933600000
741,5.5307,5.5337,5.4923,5.4925,475.72,1689935400000
742,5.4947,5.5116,5.4654,5.4776,639.51,1689937200000
743,5.4794,5.4849,5.4688,5.4829,354.81,1689939000000
744,5.4829,5.5049,5.4617,5.5037,946.32,1689940800000
745,5.5097,5.5346,5.4940,5.5231,59.64,1689942600000
746,5.5237,5.5237,5.4913,5.4933,678.87,1689944400000
747,5.4929,5.4929,5.4487,5.4595,666.31,1689946200000
748,5.4581,5.4848,5.4550,5.4769,351.45,1689948000000
749,5.4769,5.5062,5.4730,5.4960,154.84,1689949800000
750,5.4996,5.5081,5.4764,5.4764,366.41,1689951600000
751,5.4735,5.4897,5.4681,5.4777,187.53,1689953400000
752,5.4764,5.4793,5.4487,5.4621,411.03,1689955200000
753,5.4582,5.4647,5.4481,5.4498,479.69,1689957000000
754,5.4527,5.4921,5.4497,5.4873,417.52,1689958800000
755,5.4881,5.5024,5.4850,5.5024,1925.58,1689960600000
756,5.5042,5.5426,5.5042,5.5377,141.59,1689962400000
757,5.5377,5.5395,5.5077,5.5191,840.77,1689964200000
758,5.5140,5.5190,5.4441,5.4770,2166.38,1689966000000
759,5.4758,5.4971,5.4679,5.4916,1175.12,1689967800000
760,5.4908,5.4908,5.4603,5.4782,169.00,1689969600000
761,5.4805,5.5088,5.4736,5.5052,249.14,1689971400000
762,5.5053,5.5195,5.4925,5.4931,3696.22,1689973200000
763,5.4941,5.5001,5.4722,5.4944,0.62,1689975000000
764,5.4927,5.5185,5.4927,5.5066,310.31,1689976800000
765,5.5056,5.5095,5.4915,5.4926,139.87,1689978600000
766,5.4936,5.5129,5.4936,5.5086,276.99,1689980400000
767,5.5079,5.5079,5.4829,5.4896,415.72,1689982200000
768,5.4896,5.5223,5.4896,5.5105,584.82,1689984000000
769,5.5129,5.5183,5.5008,5.5035,205.13,1689985800000
770,5.5034,5.5052,5.4719,5.4738,276.32,1689987600000
771,5.4733,5.4737,5.4541,5.4570,66.47,1689989400000
772,5.4564,5.4564,5.4432,5.4474,763.51,1689991200000
773,5.4465,5.4865,5.4463,5.4807,59.45,1689993000000
774,5.4830,5.4929,5.4661,5.4752,38.50,1689994800000
775,5.4721,5.4721,5.4460,5.4472,279.99,1689996600000
776,5.4490,5.4711,5.4413,5.4642,125.89,1689998400000
777,5.4642,5.4662,5.4396,5.4464,207.44,1690000200000
778,5.4464,5.4473,5.4198,5.4296,688.36,1690002000000
779,5.4284,5.4368,5.4231,5.4321,220.14,1690003800000
780,5.4329,5.4393,5.3736,5.3851,1110.44,1690005600000
781,5.3896,5.4117,5.3882,5.4097,243.70,1690007400000
782,5.4089,5.4113,5.3978,5.4113,61.89,1690009200000
783,5.4131,5.4301,5.4131,5.4210,280.62,1690011000000
784,5.4191,5.4211,5.4091,5.4091,686.79,1690012800000
785,5.4111,5.4209,5.4029,5.4038,672.33,1690014600000
786,5.4038,5.4243,5.3969,5.4241,193.83,1690016400000
787,5.4236,5.4236,5.3606,5.3814,2654.51,1690018200000
788,5.3802,5.3802,5.3014,5.3326,3443.76,1690020000000
789,5.3340,5.3667,5.3314,5.3613,1246.10,1690021800000
790,5.3613,5.3772,5.3602,5.3732,66.00,1690023600000
791,5.3732,5.3818,5.3688,5.3722,170.94,1690025400000
792,5.3732,5.3783,5.3651,5.3783,1036.28,1690027200000
793,5.3787,5.3820,5.3576,5.3607,279.55,1690029000000
794,5.3607,5.3649,5.3547,5.3639,271.73,1690030800000
795,5.3659,5.3677,5.3578,5.3599,166.99,1690032600000
796,5.3603,5.3712,5.3513,5.3513,386.02,1690034400000
797,5.3529,5.3669,5.3512,5.3651,276.49,1690036200000
798,5.3651,5.3672,5.3540,5.3665,467.60,1690038000000
799,5.3669,5.3819,5.3616,5.3759,355.85,1690039800000
800,5.3720,5.3795,5.3584,5.3668,737.34,1690041600000
801,5.3693,5.3800,5.3633,5.3705,1200.41,1690043400000
802,5.3690,5.3764,5.3669,5.3741,2043.47,1690045200000
803,5.3713,5.3713,5.3552,5.3566,206.65,1690047000000
804,5.3568,5.3575,5.3404,5.3518,633.12,1690048800000
805,5.3502,5.3590,5.3425,5.3472,99.51,1690050600000
806,5.3482,5.3633,5.3408,5.3517,2401.73,1690052400000
807,5.3518,5.3627,5.3441,5.3577,606.93,1690054200000
808,5.3569,5.3720,5.3489,5.3688,1118.17,1690056000000
809,5.3688,5.3705,5.3577,5.3589,1109.62,1690057800000
810,5.3584,5.3658,5.3559,5.3635,189.34,1690059600000
811,5.3651,5.3695,5.3625,5.3692,99.73,1690061400000
812,5.3709,5.3782,5.3545,5.3575,261.20,1690063200000
813,5.3577,5.3652,5.3464,5.3557,353.01,1690065000000
814,5.3556,5.3594,5.2672,5.2831,1855.02,1690066800000
815,5.2837,5.3141,5.2761,5.3140,265.90,1690068600000
816,5.3141,5.3141,5.2822,5.3109,132.46,1690070400000
817,5.3114,5.3138,5.2887,5.2992,143.94,1690072200000
818,5.2984,5.3435,5.2984,5.3385,324.47,1690074000000
819,5.3351,5.3590,5.3337,5.3451,736.06,1690075800000
820,5.3470,5.3807,5.3470,5.3774,258.18,1690077600000
821,5.3751,5.3824,5.3696,5.3799,73.27,1690079400000
822,5.3809,5.4132,5.3797,5.4068,160.52,1690081200000
823,5.4105,5.4239,5.4004,5.4239,0.63,1690083000000
824,5.4287,5.4753,5.4239,5.4438,1450.48,1690084800000
825,5.4470,5.4566,5.4310,5.4362,514.34,1690086600000
826,5.4381,5.4550,5.4372,5.4487,30.99,1690088400000
827,5.4466,5.4483,5.4115,5.4150,374.61,1690090200000
828,5.4156,5.4282,5.3918,5.3963,425.04,1690092000000
829,5.3934,5.4158,5.3921,5.4000,183.09,1690093800000
830,5.4009,5.4286,5.3944,5.4212,624.94,1690095600000
831,5.4224,5.4290,5.4162,5.4284,337.71,1690097400000
832,5.4281,5.4327,5.4148,5.4243,1099.96,1690099200000
833,5.4232,5.4705,5.4232,5.4697,359.63,1690101000000
834,5.4783,5.4873,5.4232,5.4233,262.08,1690102800000
835,5.4231,5.4314,5.4149,5.4195,305.20,1690104600000
836,5.4204,5.4395,5.4200,5.4383,373.93,1690106400000
837,5.4365,5.4412,5.4257,5.4321,206.89,1690108200000
838,5.4323,5.4403,5.4257,5.4292,149.77,1690110000000
839,5.4288,5.4299,5.4080,5.4121,285.52,1690111800000
840,5.4121,5.4326,5.4121,5.4265,599.70,1690113600000
841,5.4284,5.4291,5.4072,5.4146,135.41,1690115400000
842,5.4171,5.4171,5.3902,5.3916,95.97,1690117200000
843,5.3916,5.3995,5.3794,5.3944,228.91,1690119000000
844,5.3926,5.3947,5.3837,5.3848,234.62,1690120800000
845,5.3848,5.3970,5.3840,5.3852,142.82,1690122600000
846,5.3834,5.3870,5.3724,5.3800,319.75,1690124400000
847,5.3809,5.3888,5.3743,5.3791,216.92,1690126200000
848,5.3802,5.4016,5.3764,5.3969,1048.90,1690128000000
849,5.4001,5.4140,5.3910,5.4130,956.66,1690129800000
850,5.4125,5.4278,5.4042,5.4198,282.75,1690131600000
851,5.4179,5.4526,5.4179,5.4526,504.67,1690133400000
852,5.4506,5.4535,5.4358,5.4433,333.25,1690135200000
853,5.4443,5.4750,5.4357,5.4747,137.83,1690137000000
854,5.4737,5.4869,5.4601,5.4622,190.31,1690138800000
855,5.4608,5.4627,5.4199,5.4385,353.11,1690140600000
856,5.4437,5.4644,5.4427,5.4643,466.88,1690142400000
857,5.4643,5.4643,5.4507,5.4576,498.65,1690144200000
858,5.4594,5.4594,5.4091,5.4091,1198.38,1690146000000
859,5.4091,5.4113,5.3760,5.3831,1431.67,1690147800000
860,5.3809,5.4065,5.3809,5.4033,376.26,1690149600000
861,5.4025,5.4109,5.3915,5.3930,28.46,1690151400000
862,5.3930,5.4134,5.3923,5.4122,329.87,1690153200000
863,5.4118,5.4130,5.3952,5.3953,1745.25,1690155000000
864,5.3936,5.4050,5.3882,5.4008,815.89,1690156800000
865,5.4032,5.4192,5.3920,5.3935,196.73,1690158600000
866,5.3930,5.3930,5.3438,5.3444,44.31,1690160400000
867,5.3464,5.3541,5.3198,5.3290,199.78,1690162200000
868,5.3271,5.3271,5.3023,5.3241,597.90,1690164000000
869,5.3254,5.3354,5.3138,5.3310,367.95,1690165800000
870,5.3301,5.3314,5.3178,5.3227,614.59,1690167600000
871,5.3206,5.3206,5.2909,5.3142,598.21,1690169400000
872,5.3165,5.3165,5.2741,5.3090,715.23,1690171200000
873,5.3136,5.3358,5.3095,5.3349,272.78,1690173000000
874,5.3359,5.3523,5.3342,5.3516,53.43,1690174800000
875,5.3516,5.3517,5.3350,5.3515,356.45,1690176600000
876,5.3496,5.3496,5.3349,5.3435,198.22,1690178400000
877,5.3445,5.3512,5.3380,5.3413,343.10,1690180200000
878,5.3420,5.3684,5.3385,5.3667,170.59,1690182000000
879,5.3663,5.3736,5.3368,5.3394,230.26,1690183800000
880,5.3392,5.3392,5.3201,5.3312,257.09,1690185600000
881,5.3294,5.3332,5.3138,5.3151,1313.09,1690187400000
882,5.3151,5.3341,5.3151,5.3282,549.24,1690189200000
883,5.3284,5.3357,5.0960,5.1582,9203.57,1690191000000
884,5.1430,5.2173,5.1343,5.2081,1552.80,1690192800000
885,5.2073,5.2231,5.2012,5.2231,3435.95,1690194600000
886,5.2234,5.2253,5.1992,5.2036,1426.56,1690196400000
887,5.2054,5.2168,5.1997,5.2024,708.89,1690198200000
888,5.2016,5.2159,5.1868,5.1907,184.07,1690200000000
889,5.1869,5.2042,5.1869,5.1911,350.01,1690201800000
890,5.1929,5.2031,5.1872,5.1891,802.01,1690203600000
891,5.1903,5.2004,5.1649,5.1814,313.05,1690205400000
892,5.1814,5.1946,5.1637,5.1846,692.37,1690207200000
893,5.1855,5.1857,5.1539,5.1539,847.50,1690209000000
894,5.1500,5.1829,5.1274,5.1805,1660.99,1690210800000
895,5.1785,5.1846,5.1582,5.1786,841.81,1690212600000
896,5.1767,5.1906,5.1632,5.1878,920.41,1690214400000
897,5.1878,5.2318,5.1842,5.2299,295.13,1690216200000
898,5.2295,5.2295,5.2000,5.2240,588.12,1690218000000
899,5.2237,5.2473,5.2217,5.2234,714.02,1690219800000
900,5.2258,5.2369,5.2029,5.2305,689.55,1690221600000
901,5.2314,5.2404,5.2292,5.2355,244.95,1690223400000
902,5.2324,5.2334,5.2186,5.2206,797.07,1690225200000
903,5.2216,5.2227,5.2091,5.2134,959.89,1690227000000
904,5.2131,5.2165,5.2063,5.2063,359.98,1690228800000
905,5.2102,5.2241,5.2006,5.2236,149.16,1690230600000
906,5.2233,5.2312,5.2190,5.2283,188.57,1690232400000
907,5.2295,5.2473,5.2278,5.2427,267.39,1690234200000
908,5.2440,5.2489,5.2204,5.2210,736.15,1690236000000
909,5.2210,5.2228,5.2117,5.2218,223.95,1690237800000
910,5.2208,5.2301,5.2178,5.2290,96.80,1690239600000
911,5.2280,5.2298,5.2136,5.2140,57.39,1690241400000
912,5.2112,5.2262,5.2041,5.2220,27.27,1690243200000
913,5.2220,5.2231,5.2039,5.2127,12.28,1690245000000
914,5.2148,5.2172,5.2009,5.2170,54.69,1690246800000
915,5.2168,5.2193,5.2089,5.2140,73.90,1690248600000
916,5.2123,5.2341,5.2102,5.2341,243.08,1690250400000
917,5.2341,5.2580,5.2339,5.2407,59.13,1690252200000
918,5.2418,5.2479,5.2314,5.2373,73.92,1690254000000
919,5.2369,5.2391,5.2188,5.2217,102.25,1690255800000
920,5.2263,5.2263,5.2040,5.2056,111.63,1690257600000
921,5.2077,5.2145,5.2028,5.2051,33.79,1690259400000
922,5.2062,5.2145,5.1968,5.2145,107.72,1690261200000
923,5.2146,5.2246,5.2146,5.2168,54.60,1690263000000
924,5.2175,5.2176,5.1995,5.2092,482.30,1690264800000
925,5.2102,5.2127,5.1911,5.1988,219.03,1690266600000
926,5.2014,5.2143,5.1892,5.2013,2017.38,1690268400000
927,5.2033,5.2051,5.1750,5.1818,1074.06,1690270200000
928,5.1818,5.1845,5.1650,5.1816,215.84,1690272000000
929,5.1810,5.2013,5.1732,5.1994,146.71,1690273800000
930,5.1993,5.2227,5.1961,5.2160,635.96,1690275600000
931,5.2142,5.2308,5.2049,5.2049,364.78,1690277400000
932,5.2000,5.2030,5.1849,5.1886,575.05,1690279200000
933,5.1921,5.1959,5.1861,5.1861,203.70,1690281000000
934,5.1861,5.1908,5.1787,5.1888,248.53,1690282800000
935,5.1898,5.2033,5.1877,5.2032,89.47,1690284600000
936,5.2033,5.2075,5.1929,5.2040,174.29,1690286400000
937,5.2003,5.2036,5.1730,5.1730,1007.01,1690288200000
938,5.1706,5.1731,5.1417,5.1430,1022.91,1690290000000
939,5.1423,5.1662,5.1351,5.1480,303.79,1690291800000
940,5.1510,5.1904,5.1510,5.1706,361.86,1690293600000
941,5.1675,5.1695,5.1353,5.1495,1961.62,1690295400000
942,5.1430,5.1570,5.1430,5.1500,122.60,1690297200000
943,5.1515,5.1718,5.1480,5.1600,752.97,1690299000000
944,5.1595,5.1875,5.1576,5.1696,1074.80,1690300800000
945,5.1686,5.1817,5.1602,5.1694,266.97,1690302600000
946,5.1668,5.1886,5.1452,5.1860,267.60,1690304400000
947,5.1872,5.1956,5.1805,5.1941,109.76,1690306200000
948,5.1930,5.1993,5.1879,5.1972,887.47,1690308000000
949,5.1963,5.2020,5.1746,5.1746,215.52,1690309800000
950,5.1736,5.1837,5.1695,5.1831,260.87,1690311600000
951,5.1803,5.1830,5.1647,5.1658,285.74,1690313400000
952,5.1657,5.1657,5.1442,5.1521,455.97,1690315200000
953,5.1522,5.1663,5.1522,5.1638,288.33,1690317000000
954,5.1636,5.1762,5.1636,5.1753,93.02,1690318800000
955,5.1757,5.1797,5.1672,5.1698,3985.41,1690320600000
956,5.1728,5.1882,5.1722,5.1759,688.51,1690322400000
957,5.1763,5.1821,5.1732,5.1746,20.67,1690324200000
958,5.1761,5.1819,5.1692,5.1706,251.78,1690326000000
959,5.1700,5.1846,5.1692,5.1793,407.14,1690327800000
960,5.1796,5.1920,5.1708,5.1810,1461.25,1690329600000
961,5.1840,5.1840,5.1642,5.1649,1212.59,1690331400000
962,5.1653,5.1708,5.1418,5.1454,84.13,1690333200000
963,5.1444,5.1585,5.1211,5.1477,327.03,1690335000000
964,5.1477,5.1603,5.1393,5.1590,0.72,1690336800000
965,5.1595,5.1786,5.1440,5.1786,753.92,1690338600000
966,5.1849,5.2043,5.1753,5.1901,695.99,1690340400000
967,5.1855,5.1855,5.1713,5.1810,1198.06,1690342200000
968,5.1811,5.1889,5.1727,5.1792,498.65,1690344000000
969,5.1780,5.1892,5.1753,5.1820,785.80,1690345800000
970,5.1820,5.1917,5.1780,5.1882,390.41,1690347600000
971,5.1867,5.2131,5.1823,5.2114,664.89,1690349400000
972,5.2113,5.2114,5.1950,5.2017,198.47,1690351200000
973,5.2026,5.2150,5.1881,5.1911,128.89,1690353000000
974,5.1965,5.2077,5.1915,5.1979,133.40,1690354800000
975,5.1978,5.2015,5.1899,5.1989,2041.80,1690356600000
976,5.1987,5.2090,5.1982,5.2036,240.83,1690358400000
977,5.2035,5.2054,5.1918,5.1929,97.08,1690360200000
978,5.1930,5.1999,5.1807,5.1807,44.76,1690362000000
979,5.1797,5.1852,5.1660,5.1728,460.48,1690363800000
980,5.1735,5.1925,5.1735,5.1777,1131.54,1690365600000
981,5.1776,5.1811,5.1721,5.1783,50.28,1690367400000
982,5.1783,5.1929,5.1781,5.1898,650.34,1690369200000
983,5.1897,5.1945,5.1757,5.1794,335.44,1690371000000
984,5.1794,5.1939,5.1780,5.1939,113.93,1690372800000
985,5.1939,5.2115,5.1931,5.2097,490.60,1690374600000
986,5.2101,5.2274,5.2078,5.2098,359.34,1690376400000
987,5.2086,5.2153,5.1995,5.2078,264.16,1690378200000
988,5.2132,5.2318,5.1978,5.2117,885.98,1690380000000
989,5.2130,5.2228,5.2111,5.2167,95.23,1690381800000
990,5.2207,5.2328,5.2207,5.2287,248.22,1690383600000
991,5.2287,5.2395,5.2239,5.2305,379.49,1690385400000
992,5.2305,5.2425,5.2107,5.2168,97.57,1690387200000
993,5.2175,5.2250,5.2122,5.2153,142.14,1690389000000
994,5.2170,5.2228,5.1970,5.2003,260.24,1690390800000
995,5.2019,5.2136,5.1896,5.1928,442.88,1690392600000
996,5.2078,5.2545,5.1975,5.2233,2209.54,1690394400000
997,5.2243,5.2675,5.2203,5.2582,171.18,1690396200000
998,5.2610,5.2634,5.2061,5.2507,56.72,1690398000000
999,5.2480,5.2590,5.2385,5.2590,642.07,1690399800000
1000,5.2601,5.2939,5.2563,5.2738,256.16,1690401600000
1001,5.2727,5.2987,5.2727,5.2815,1132.69,1690403400000
1002,5.2820,5.2873,5.2590,5.2590,587.57,1690405200000
1003,5.2583,5.2633,5.2328,5.2328,1579.91,1690407000000
1004,5.2372,5.2424,5.2263,5.2284,794.87,1690408800000
1005,5.2306,5.2386,5.2200,5.2385,173.02,1690410600000
1006,5.2410,5.2563,5.2354,5.2475,145.64,1690412400000
1007,5.2468,5.2468,5.2277,5.2404,95.40,1690414200000
1008,5.2392,5.2415,5.2218,5.2359,557.21,1690416000000
1009,5.2410,5.2427,5.2229,5.2280,70.92,1690417800000
1010,5.2280,5.2517,5.2220,5.2517,12.02,1690419600000
1011,5.2513,5.2794,5.2513,5.2794,354.37,1690421400000
1012,5.2817,5.2879,5.2591,5.2591,150.27,1690423200000
1013,5.2571,5.2827,5.2571,5.2817,708.36,1690425000000
1014,5.2816,5.2909,5.2806,5.2880,0.65,1690426800000
1015,5.2881,5.2927,5.2719,5.2734,286.71,1690428600000
1016,5.2756,5.3036,5.2734,5.3036,216.36,1690430400000
1017,5.3036,5.3058,5.2926,5.2983,127.42,1690432200000
1018,5.2985,5.3087,5.2910,5.2910,81.57,1690434000000
1019,5.2912,5.2997,5.2842,5.2842,343.45,1690435800000
1020,5.2842,5.2927,5.2752,5.2752,839.60,1690437600000
1021,5.2741,5.2743,5.2496,5.2507,200.40,1690439400000
1022,5.2507,5.2682,5.2500,5.2659,412.02,1690441200000
1023,5.2670,5.3447,5.2613,5.2972,2902.39,1690443000000
1024,5.2991,5.3012,5.2766,5.3012,1817.34,1690444800000
1025,5.2987,5.3042,5.2917,5.2967,387.05,1690446600000
1026,5.2982,5.3142,5.2869,5.3114,660.96,1690448400000
1027,5.3114,5.3161,5.2989,5.3036,794.72,1690450200000
1028,5.3039,5.3039,5.2881,5.2889,413.71,1690452000000
1029,5.2888,5.2910,5.2790,5.2807,296.63,1690453800000
1030,5.2809,5.2901,5.2774,5.2814,155.33,1690455600000
1031,5.2814,5.2956,5.2814,5.2929,140.44,1690457400000
1032,5.2929,5.2970,5.2877,5.2900,109.50,1690459200000
1033,5.2880,5.2899,5.2797,5.2846,626.71,1690461000000
1034,5.2835,5.2866,5.2684,5.2795,830.58,1690462800000
1035,5.2794,5.2850,5.2705,5.2736,89.58,1690464600000
1036,5.2738,5.2820,5.2538,5.2549,977.70,1690466400000
1037,5.2548,5.2570,5.2365,5.2410,306.01,1690468200000
1038,5.2399,5.2434,5.2219,5.2400,304.80,1690470000000
1039,5.2398,5.2552,5.2385,5.2396,257.06,1690471800000
1040,5.2395,5.2515,5.2368,5.2432,848.46,1690473600000
1041,5.2430,5.2525,5.2384,5.2459,289.51,1690475400000
1042,5.2470,5.2479,5.2282,5.2454,3961.43,1690477200000
1043,5.2450,5.2459,5.2304,5.2335,2717.49,1690479000000
1044,5.2332,5.2332,5.2113,5.2114,680.94,1690480800000
1045,5.2110,5.2122,5.1833,5.1945,654.77,1690482600000
1046,5.1942,5.2141,5.1939,5.2043,137.27,1690484400000
1047,5.2056,5.2135,5.1959,5.2127,154.15,1690486200000
1048,5.2124,5.2165,5.2034,5.2048,204.90,1690488000000
1049,5.2065,5.2157,5.2017,5.2143,376.79,1690489800000
1050,5.2152,5.2246,5.2147,5.2238,371.23,1690491600000
1051,5.2234,5.2411,5.2234,5.2359,242.02,1690493400000
1052,5.2359,5.2470,5.2359,5.2397,300.18,1690495200000
1053,5.2397,5.2527,5.2380,5.2393,113.10,1690497000000
1054,5.2384,5.2403,5.2299,5.2321,459.32,1690498800000
1055,5.2345,5.2422,5.2293,5.2410,539.32,1690500600000
1056,5.2420,5.2452,5.2283,5.2333,2297.18,1690502400000
1057,5.2353,5.2449,5.2301,5.2393,506.08,1690504200000
1058,5.2393,5.2418,5.2269,5.2316,292.70,1690506000000
1059,5.2330,5.2371,5.2288,5.2344,293.85,1690507800000
1060,5.2340,5.2344,5.2167,5.2167,1.44,1690509600000
1061,5.2168,5.2243,5.2090,5.2243,2065.58,1690511400000
1062,5.2211,5.2229,5.2122,5.2177,178.17,1690513200000
1063,5.2187,5.2398,5.2162,5.2225,231.37,1690515000000
1064,5.2234,5.2234,5.2032,5.2072,151.98,1690516800000
1065,5.2048,5.2152,5.2048,5.2134,657.90,1690518600000
1066,5.2150,5.2155,5.2019,5.2024,537.73,1690520400000
1067,5.2024,5.2032,5.1722,5.1789,60.79,1690522200000
1068,5.1809,5.1849,5.1709,5.1779,1267.34,1690524000000
1069,5.1797,5.1916,5.1762,5.1881,387.30,1690525800000
1070,5.1902,5.1966,5.1823,5.1823,1641.34,1690527600000
1071,5.1822,5.1840,5.1751,5.1812,296.83,1690529400000
1072,5.1809,5.1900,5.1663,5.1900,306.83,1690531200000
1073,5.1899,5.1988,5.1887,5.1986,65.77,1690533000000
1074,5.1968,5.2150,5.1968,5.2117,436.87,1690534800000
1075,5.2096,5.2426,5.2096,5.2311,337.50,1690536600000
1076,5.2300,5.2352,5.2251,5.2264,107.89,1690538400000
1077,5.2264,5.2342,5.2243,5.2264,339.32,1690540200000
1078,5.2252,5.2318,5.2235,5.2294,214.01,1690542000000
1079,5.2294,5.2379,5.2281,5.2314,376.14,1690543800000
1080,5.2290,5.2420,5.2285,5.2419,1933.84,1690545600000
1081,5.2440,5.2460,5.2366,5.2433,1277.75,1690547400000
1082,5.2438,5.2438,5.2187,5.2197,570.36,1690549200000
1083,5.2198,5.2325,5.2166,5.2312,729.19,1690551000000
1084,5.2340,5.2537,5.2329,5.2530,1017.46,1690552800000
1085,5.2544,5.2667,5.2504,5.2630,804.39,1690554600000
1086,5.2652,5.2757,5.2634,5.2729,411.33,1690556400000
1087,5.2730,5.2740,5.2460,5.2500,104.87,1690558200000
1088,5.2499,5.2501,5.2376,5.2474,461.35,1690560000000
1089,5.2474,5.2523,5.2381,5.2381,663.70,1690561800000
1090,5.2380,5.2430,5.2245,5.2275,154.76,1690563600000
1091,5.2267,5.2267,5.2009,5.2072,678.24,1690565400000
1092,5.2077,5.2188,5.2077,5.2154,223.98,1690567200000
1093,5.2155,5.2265,5.2155,5.2206,489.15,1690569000000
1094,5.2206,5.2248,5.2123,5.2199,595.23,1690570800000
1095,5.2188,5.2211,5.2122,5.2123,1391.95,1690572600000
1096,5.2143,5.2143,5.1990,5.2073,1872.30,1690574400000
1097,5.2092,5.2179,5.2074,5.2140,201.26,1690576200000
1098,5.2140,5.2215,5.2059,5.2203,87.52,1690578000000
1099,5.2203,5.2215,5.2140,5.2178,149.87,1690579800000
1100,5.2178,5.2223,5.2128,5.2153,169.02,1690581600000
1101,5.2154,5.2169,5.2123,5.2131,79.31,1690583400000
1102,5.2131,5.2235,5.2116,5.2235,109.29,1690585200000
1103,5.2235,5.2238,5.2185,5.2228,191.59,1690587000000
1104,5.2240,5.2322,5.2111,5.2318,209.86,1690588800000
1105,5.2340,5.2357,5.2310,5.2327,417.42,1690590600000
1106,5.2334,5.2339,5.2240,5.2270,111.74,1690592400000
1107,5.2270,5.2476,5.2270,5.2450,263.11,1690594200000
1108,5.2449,5.2450,5.2332,5.2395,33.88,1690596000000
1109,5.2406,5.2492,5.2390,5.2455,56.05,1690597800000
1110,5.2474,5.2529,5.2410,5.2430,296.71,1690599600000
1111,5.2430,5.2430,5.2340,5.2380,0.65,1690601400000
1112,5.2381,5.2425,5.2336,5.2397,268.61,1690603200000
1113,5.2397,5.2414,5.2354,5.2383,39.71,1690605000000
1114,5.2381,5.2420,5.2343,5.2351,70.74,1690606800000
1115,5.2360,5.2512,5.2360,5.2493,132.28,1690608600000
1116,5.2490,5.2575,5.2490,5.2541,108.68,1690610400000
1117,5.2536,5.2597,5.2431,5.2496,334.86,1690612200000
1118,5.2491,5.2491,5.2318,5.2333,1422.24,1690614000000
1119,5.2340,5.2426,5.2329,5.2349,473.26,1690615800000
1120,5.2345,5.2482,5.2329,5.2442,1083.39,1690617600000
1121,5.2442,5.2467,5.2309,5.2365,313.97,1690619400000
1122,5.2377,5.2479,5.2321,5.2423,116.58,1690621200000
1123,5.2428,5.2428,5.2329,5.2398,77.02,1690623000000
1124,5.2386,5.2460,5.2308,5.2460,100.22,1690624800000
1125,5.2441,5.2482,5.2417,5.2434,1008.80,1690626600000
1126,5.2428,5.2476,5.2388,5.2449,209.86,1690628400000
1127,5.2435,5.2444,5.2270,5.2292,229.14,1690630200000
1128,5.2298,5.2476,5.2263,5.2458,134.09,1690632000000
1129,5.2450,5.2450,5.2296,5.2347,1155.09,1690633800000
1130,5.2353,5.2473,5.2336,5.2378,235.90,1690635600000
1131,5.2378,5.2435,5.2345,5.2400,107.24,1690637400000
1132,5.2398,5.2475,5.2394,5.2427,189.74,1690639200000
1133,5.2441,5.2443,5.2325,5.2362,196.87,1690641000000
1134,5.2372,5.2456,5.2369,5.2456,311.28,1690642800000
1135,5.2434,5.2437,5.2337,5.2371,451.56,1690644600000
1136,5.2358,5.2418,5.2303,5.2353,91.98,1690646400000
1137,5.2353,5.2406,5.2334,5.2379,262.77,1690648200000
1138,5.2379,5.2416,5.2358,5.2378,527.05,1690650000000
1139,5.2368,5.2606,5.2368,5.2518,293.56,1690651800000
1140,5.2519,5.2537,5.2362,5.2469,372.42,1690653600000
1141,5.2459,5.2510,5.2412,5.2481,251.46,1690655400000
1142,5.2462,5.2598,5.2462,5.2598,1009.37,1690657200000
1143,5.2595,5.2636,5.2509,5.2540,176.51,1690659000000
1144,5.2548,5.2626,5.2479,5.2577,828.73,1690660800000
1145,5.2582,5.2596,5.2484,5.2510,299.70,1690662600000
1146,5.2536,5.2536,5.2402,5.2489,820.74,1690664400000
1147,5.2501,5.2511,5.2399,5.2407,352.84,1690666200000
1148,5.2409,5.2502,5.2409,5.2431,1368.73,1690668000000
1149,5.2442,5.2476,5.2411,5.2422,142.58,1690669800000
1150,5.2430,5.2555,5.2430,5.2507,354.05,1690671600000
1151,5.2510,5.2596,5.2497,5.2517,134.04,1690673400000
1152,5.2523,5.2537,5.2422,5.2467,149.68,1690675200000
1153,5.2486,5.2534,5.2397,5.2514,207.38,1690677000000
1154,5.2522,5.2547,5.2480,5.2532,52.00,1690678800000
1155,5.2554,5.2657,5.2477,5.2642,144.34,1690680600000
1156,5.2649,5.2788,5.2550,5.2746,33.88,1690682400000
1157,5.2746,5.2746,5.2642,5.2661,61.32,1690684200000
1158,5.2656,5.2726,5.2551,5.2652,406.46,1690686000000
1159,5.2656,5.2657,5.2552,5.2600,0.71,1690687800000
1160,5.2606,5.2651,5.2572,5.2651,66.32,1690689600000
1161,5.2651,5.2711,5.2602,5.2602,0.67,1690691400000
1162,5.2596,5.2640,5.2557,5.2622,0.65,1690693200000
1163,5.2620,5.2634,5.2555,5.2610,64.59,1690695000000
1164,5.2614,5.2646,5.2529,5.2542,61.36,1690696800000
1165,5.2527,5.2554,5.2427,5.2467,239.12,1690698600000
1166,5.2496,5.2496,5.2392,5.2430,53.19,1690700400000
1167,5.2419,5.2462,5.2370,5.2421,357.53,1690702200000
1168,5.2387,5.2488,5.2345,5.2466,258.95,1690704000000
1169,5.2467,5.2550,5.2442,5.2533,1.63,1690705800000
1170,5.2536,5.2546,5.2423,5.2476,151.89,1690707600000
1171,5.2479,5.2486,5.2366,5.2366,840.88,1690709400000
1172,5.2328,5.2406,5.2236,5.2258,415.71,1690711200000
1173,5.2273,5.2291,5.2107,5.2167,125.70,1690713000000
1174,5.2149,5.2307,5.2138,5.2178,0.65,1690714800000
1175,5.2174,5.2326,5.2168,5.2315,68.66,1690716600000
1176,5.2315,5.2355,5.2273,5.2308,51.83,1690718400000
1177,5.2308,5.2372,5.2266,5.2342,351.14,1690720200000
1178,5.2342,5.2367,5.2192,5.2208,490.11,1690722000000
1179,5.2208,5.2261,5.2127,5.2131,148.09,1690723800000
1180,5.2131,5.2261,5.2115,5.2261,39.84,1690725600000
1181,5.2251,5.2463,5.2191,5.2435,546.09,1690727400000
1182,5.2435,5.2567,5.2389,5.2514,567.65,1690729200000
1183,5.2517,5.2622,5.2382,5.2497,181.20,1690731000000
1184,5.2512,5.2519,5.2344,5.2353,203.16,1690732800000
1185,5.2339,5.2400,5.2221,5.2374,88.22,1690734600000
1186,5.2374,5.2398,5.2312,5.2365,72.61,1690736400000
1187,5.2364,5.2482,5.2342,5.2472,336.06,1690738200000
1188,5.2482,5.2488,5.2300,5.2325,291.01,1690740000000
1189,5.2325,5.2344,5.2200,5.2248,764.02,1690741800000
1190,5.2262,5.2262,5.1912,5.2003,433.47,1690743600000
1191,5.2006,5.2022,5.1223,5.1408,1655.65,1690745400000
1192,5.1392,5.1590,5.0900,5.1545,3551.65,1690747200000
1193,5.1475,5.1974,5.1460,5.1957,337.71,1690749000000
1194,5.1938,5.1938,5.1710,5.1730,216.28,1690750800000
1195,5.1709,5.1795,5.1618,5.1720,361.53,1690752600000
1196,5.1739,5.1776,5.1581,5.1699,1201.06,1690754400000
1197,5.1678,5.1752,5.1598,5.1622,371.17,1690756200000
1198,5.1647,5.1908,5.1614,5.1874,325.51,1690758000000
1199,5.1881,5.1942,5.1843,5.1867,138.16,1690759800000
1200,5.1868,5.1998,5.1755,5.1994,741.41,1690761600000
1201,5.2014,5.2625,5.1945,5.2567,277.05,1690763400000
1202,5.2585,5.2608,5.2182,5.2223,93.82,1690765200000
1203,5.2180,5.2289,5.2155,5.2275,10.59,1690767000000
1204,5.2282,5.2357,5.2163,5.2354,0.90,1690768800000
1205,5.2359,5.2403,5.2299,5.2345,10.16,1690770600000
1206,5.2341,5.2359,5.2167,5.2188,244.03,1690772400000
1207,5.2206,5.2220,5.2098,5.2098,0.71,1690774200000
1208,5.2160,5.2183,5.2014,5.2014,74.05,1690776000000
1209,5.1966,5.2011,5.1800,5.1919,44.53,1690777800000
1210,5.1919,5.2035,5.1873,5.2035,73.11,1690779600000
1211,5.2035,5.2043,5.1927,5.1953,82.24,1690781400000
1212,5.1950,5.2101,5.1907,5.2101,66.41,1690783200000
1213,5.2096,5.2103,5.1992,5.2098,735.81,1690785000000
1214,5.2108,5.2163,5.2033,5.2143,290.12,1690786800000
1215,5.2160,5.2163,5.1736,5.1760,36.65,1690788600000
1216,5.1754,5.2032,5.1754,5.2032,392.47,1690790400000
1217,5.2030,5.2069,5.1848,5.1924,1270.10,1690792200000
1218,5.1930,5.1943,5.1775,5.1816,663.10,1690794000000
1219,5.1797,5.1811,5.1709,5.1757,311.69,1690795800000
1220,5.1745,5.1869,5.1709,5.1805,1.61,1690797600000
1221,5.1815,5.1815,5.1663,5.1688,635.10,1690799400000
1222,5.1698,5.1761,5.1676,5.1707,628.83,1690801200000
1223,5.1707,5.1760,5.1696,5.1739,297.07,1690803000000
1224,5.1739,5.1739,5.1579,5.1634,1002.46,1690804800000
1225,5.1643,5.1884,5.1615,5.1884,361.79,1690806600000
1226,5.1870,5.1886,5.1641,5.1641,5119.11,1690808400000
1227,5.1638,5.1693,5.1314,5.1420,971.37,1690810200000
1228,5.1455,5.1519,5.1300,5.1473,252.20,1690812000000
1229,5.1459,5.1513,5.1342,5.1506,685.58,1690813800000
1230,5.1510,5.1640,5.1397,5.1397,183.28,1690815600000
1231,5.1420,5.1452,5.1284,5.1325,45.29,1690817400000
1232,5.1303,5.1412,5.1264,5.1412,60.66,1690819200000
1233,5.1412,5.1412,5.1357,5.1393,233.15,1690821000000
1234,5.1367,5.1389,5.1301,5.1343,131.04,1690822800000
1235,5.1359,5.1637,5.1300,5.1563,1081.98,1690824600000
1236,5.1548,5.1548,5.1248,5.1305,1275.36,1690826400000
1237,5.1308,5.1323,5.1231,5.1252,42.51,1690828200000
1238,5.1250,5.1312,5.1104,5.1253,1526.52,1690830000000
1239,5.1266,5.1349,5.0527,5.0701,1693.23,1690831800000
1240,5.0775,5.1034,5.0631,5.1034,114.67,1690833600000
1241,5.1049,5.1119,5.0767,5.0913,128.44,1690835400000
1242,5.0913,5.1165,5.0801,5.0991,822.57,1690837200000
1243,5.0991,5.1090,5.0921,5.1066,0.66,1690839000000
1244,5.1063,5.1159,5.0973,5.1140,213.00,1690840800000
1245,5.1134,5.1140,5.1014,5.1123,443.96,1690842600000
1246,5.1129,5.1156,5.1052,5.1114,108.09,1690844400000
1247,5.1120,5.1197,5.1093,5.1159,41.52,1690846200000
1248,5.1158,5.1195,5.0966,5.1138,252.72,1690848000000
1249,5.1183,5.1290,5.1138,5.1258,256.99,1690849800000
1250,5.1256,5.1362,5.1131,5.1131,646.57,1690851600000
1251,5.1131,5.1139,5.0843,5.0962,379.93,1690853400000
1252,5.0962,5.0962,4.9545,5.0440,6666.28,1690855200000
1253,5.0478,5.0511,5.0367,5.0477,212.86,1690857000000
1254,5.0487,5.0554,5.0406,5.0477,105.84,1690858800000
1255,5.0454,5.0483,5.0274,5.0384,434.13,1690860600000
1256,5.0383,5.0467,5.0299,5.0352,177.18,1690862400000
1257,5.0372,5.0494,5.0332,5.0355,417.69,1690864200000
1258,5.0339,5.0488,5.0322,5.0473,170.36,1690866000000
1259,5.0464,5.0601,5.0348,5.0586,479.12,1690867800000
1260,5.0590,5.0720,5.0574,5.0710,121.69,1690869600000
1261,5.0710,5.0877,5.0700,5.0860,142.49,1690871400000
1262,5.0882,5.0882,5.0730,5.0799,127.26,1690873200000
1263,5.0800,5.0805,5.0649,5.0681,1322.53,1690875000000
1264,5.0680,5.0863,5.0656,5.0862,67.73,1690876800000
1265,5.0872,5.0941,5.0824,5.0941,736.27,1690878600000
1266,5.0954,5.1000,5.0745,5.0807,707.10,1690880400000
1267,5.0818,5.0917,5.0772,5.0835,337.56,1690882200000
1268,5.0835,5.0862,5.0766,5.0810,170.80,1690884000000
1269,5.0814,5.0904,5.0812,5.0894,146.92,1690885800000
1270,5.0882,5.1042,5.0868,5.0868,1360.44,1690887600000
1271,5.0868,5.0985,5.0667,5.0680,1706.94,1690889400000
1272,5.0746,5.0796,5.0693,5.0724,720.14,1690891200000
1273,5.0717,5.0984,5.0657,5.0887,202.80,1690893000000
1274,5.0908,5.1007,5.0899,5.0945,336.46,1690894800000
1275,5.0967,5.1038,5.0906,5.0948,447.89,1690896600000
1276,5.0949,5.1065,5.0889,5.0985,85.13,1690898400000
1277,5.0977,5.1003,5.0752,5.0801,2550.77,1690900200000
1278,5.0815,5.0870,5.0702,5.0713,166.21,1690902000000
1279,5.0600,5.1002,5.0316,5.0982,2582.26,1690903800000
1280,5.0991,5.1211,5.0965,5.1002,317.49,1690905600000
1281,5.0992,5.1006,5.0871,5.0978,3847.27,1690907400000
1282,5.0970,5.1171,5.0962,5.1142,4213.10,1690909200000
1283,5.1144,5.1144,5.1022,5.1056,4417.26,1690911000000
1284,5.1062,5.1326,5.1062,5.1279,212.52,1690912800000
1285,5.1272,5.1444,5.1272,5.1442,1225.95,1690914600000
1286,5.1504,5.1547,5.1388,5.1412,21.17,1690916400000
1287,5.1393,5.1456,5.1336,5.1429,0.68,1690918200000
1288,5.1439,5.1456,5.1326,5.1349,2152.94,1690920000000
1289,5.1328,5.1370,5.1276,5.1337,530.61,1690921800000
1290,5.1343,5.1468,5.1343,5.1450,116.60,1690923600000
1291,5.1450,5.1495,5.1405,5.1495,3235.51,1690925400000
1292,5.1488,5.1584,5.1474,5.1506,589.61,1690927200000
1293,5.1508,5.1518,5.1463,5.1493,298.32,1690929000000
1294,5.1520,5.1867,5.1493,5.1822,164.02,1690930800000
1295,5.1857,5.2153,5.1817,5.2153,842.16,1690932600000
1296,5.2111,5.2191,5.1991,5.2043,294.14,1690934400000
1297,5.2045,5.2045,5.1890,5.1949,204.80,1690936200000
1298,5.1949,5.2155,5.1909,5.2155,49.29,1690938000000
1299,5.2161,5.2228,5.2023,5.2026,1193.56,1690939800000
1300,5.2018,5.2035,5.1935,5.1985,126.98,1690941600000
1301,5.1979,5.2033,5.1975,5.1993,84.05,1690943400000
1302,5.2011,5.2011,5.1863,5.1872,276.07,1690945200000
1303,5.1871,5.1891,5.1687,5.1712,191.36,1690947000000
1304,5.1738,5.1763,5.1641,5.1761,1062.22,1690948800000
1305,5.1760,5.1764,5.1651,5.1651,0.69,1690950600000
1306,5.1662,5.1733,5.1620,5.1656,390.22,1690952400000
1307,5.1680,5.1721,5.1632,5.1643,97.93,1690954200000
1308,5.1643,5.1768,5.1620,5.1670,254.29,1690956000000
1309,5.1670,5.1673,5.1518,5.1518,670.66,1690957800000
1310,5.1541,5.1631,5.1503,5.1572,489.11,1690959600000
1311,5.1582,5.1582,5.1363,5.1408,649.19,1690961400000
1312,5.1417,5.1467,5.1218,5.1406,639.10,1690963200000
1313,5.1405,5.1512,5.1317,5.1408,248.19,1690965000000
1314,5.1408,5.1604,5.1377,5.1595,275.56,1690966800000
1315,5.1620,5.1620,5.1428,5.1448,197.78,1690968600000
1316,5.1412,5.1594,5.1402,5.1579,331.62,1690970400000
1317,5.1579,5.1790,5.1572,5.1761,1485.32,1690972200000
1318,5.1781,5.1861,5.1636,5.1691,521.08,1690974000000
1319,5.1681,5.1771,5.1649,5.1688,1634.89,1690975800000
1320,5.1698,5.1800,5.1553,5.1609,330.89,1690977600000
1321,5.1588,5.1594,5.1398,5.1438,350.85,1690979400000
1322,5.1446,5.1528,5.1408,5.1446,262.89,1690981200000
1323,5.1446,5.1488,5.1351,5.1446,217.19,1690983000000
1324,5.1426,5.1436,5.0904,5.0977,2246.16,1690984800000
1325,5.0920,5.1029,5.0833,5.0833,165.49,1690986600000
1326,5.0817,5.0910,5.0662,5.0804,371.30,1690988400000
1327,5.0787,5.1022,5.0787,5.0975,873.16,1690990200000
1328,5.0999,5.1044,5.0829,5.0899,437.57,1690992000000
1329,5.0898,5.1087,5.0143,5.0497,3065.77,1690993800000
1330,5.0442,5.0677,5.0422,5.0677,1264.42,1690995600000
1331,5.0676,5.0792,5.0614,5.0692,468.74,1690997400000
1332,5.0674,5.0816,5.0647,5.0730,1947.98,1690999200000
1333,5.0710,5.0725,5.0503,5.0570,210.42,1691001000000
1334,5.0587,5.0686,5.0563,5.0686,577.33,1691002800000
1335,5.0688,5.0795,5.0637,5.0762,265.07,1691004600000
1336,5.0751,5.0752,5.0624,5.0752,1051.86,1691006400000
1337,5.0762,5.0789,5.0650,5.0682,133.34,1691008200000
1338,5.0681,5.0695,5.0501,5.0674,23.59,1691010000000
1339,5.0661,5.0780,5.0661,5.0755,105.45,1691011800000
1340,5.0756,5.0834,5.0685,5.0819,298.05,1691013600000
1341,5.0807,5.0819,5.0617,5.0630,49.58,1691015400000
1342,5.0626,5.0650,5.0495,5.0559,748.01,1691017200000
1343,5.0570,5.0651,5.0501,5.0645,501.59,1691019000000
1344,5.0645,5.0648,5.0439,5.0572,1042.57,1691020800000
1345,5.0585,5.0681,5.0476,5.0478,275.22,1691022600000
1346,5.0475,5.0600,5.0466,5.0552,162.65,1691024400000
1347,5.0575,5.0765,5.0575,5.0728,393.35,1691026200000
1348,5.0738,5.0773,5.0461,5.0461,188.70,1691028000000
1349,5.0473,5.0543,5.0444,5.0518,183.39,1691029800000
1350,5.0516,5.0518,5.0338,5.0417,141.10,1691031600000
1351,5.0418,5.0418,5.0339,5.0366,54.94,1691033400000
1352,5.0391,5.0391,5.0284,5.0302,644.55,1691035200000
1353,5.0302,5.0365,5.0244,5.0311,35.93,1691037000000
1354,5.0315,5.0345,5.0218,5.0281,67.93,1691038800000
1355,5.0271,5.0341,5.0192,5.0306,294.21,1691040600000
1356,5.0315,5.0389,5.0276,5.0322,884.20,1691042400000
1357,5.0288,5.0329,5.0116,5.0159,752.44,1691044200000
1358,5.0143,5.0231,4.9982,5.0042,1270.12,1691046000000
1359,5.0063,5.0174,5.0043,5.0096,2905.88,1691047800000
1360,5.0086,5.0187,4.9846,5.0073,104.95,1691049600000
1361,5.0033,5.0193,5.0025,5.0137,539.69,1691051400000
1362,5.0145,5.0296,5.0092,5.0251,249.64,1691053200000
1363,5.0242,5.0352,5.0238,5.0327,183.91,1691055000000
1364,5.0322,5.0382,5.0242,5.0283,237.82,1691056800000
1365,5.0285,5.0378,5.0255,5.0268,262.72,1691058600000
1366,5.0266,5.0323,5.0245,5.0273,497.64,1691060400000
1367,5.0261,5.0339,5.0257,5.0325,311.16,1691062200000
1368,5.0325,5.0335,5.0188,5.0200,40.58,1691064000000
1369,5.0196,5.0205,5.0114,5.0177,379.21,1691065800000
1370,5.0185,5.0327,5.0185,5.0222,49.29,1691067600000
1371,5.0234,5.0310,5.0166,5.0295,267.04,1691069400000
1372,5.0299,5.0352,5.0247,5.0295,1218.25,1691071200000
1373,5.0315,5.0558,5.0287,5.0537,1488.39,1691073000000
1374,5.0564,5.0576,5.0274,5.0380,234.90,1691074800000
1375,5.0401,5.0441,5.0285,5.0285,164.74,1691076600000
1376,5.0300,5.0389,5.0212,5.0389,868.93,1691078400000
1377,5.0383,5.0407,5.0299,5.0384,128.97,1691080200000
1378,5.0389,5.0505,5.0353,5.0367,574.58,1691082000000
1379,5.0379,5.0379,5.0165,5.0184,339.46,1691083800000
1380,5.0189,5.0200,5.0066,5.0085,626.70,1691085600000
1381,5.0099,5.0190,5.0079,5.0184,64.98,1691087400000
1382,5.0195,5.0204,5.0049,5.0094,260.67,1691089200000
1383,5.0072,5.0174,5.0067,5.0151,150.61,1691091000000
1384,5.0168,5.0301,5.0130,5.0296,831.48,1691092800000
1385,5.0306,5.0306,5.0137,5.0143,260.13,1691094600000
1386,5.0134,5.0210,5.0129,5.0191,232.82,1691096400000
1387,5.0183,5.0196,4.9951,5.0024,277.67,1691098200000
1388,5.0014,5.0084,4.9394,4.9630,4548.73,1691100000000
1389,4.9614,4.9919,4.9605,4.9912,715.78,1691101800000
1390,4.9908,4.9982,4.9863,4.9919,461.29,1691103600000
1391,4.9903,4.9952,4.9813,4.9817,271.35,1691105400000
1392,4.9733,4.9956,4.9704,4.9857,648.54,1691107200000
1393,4.9815,5.0006,4.9730,5.0006,346.17,1691109000000
1394,5.0001,5.0032,4.9845,4.9888,618.85,1691110800000
1395,4.9888,5.0037,4.9888,4.9962,451.76,1691112600000
1396,4.9952,5.0022,4.9786,4.9854,179.75,1691114400000
1397,4.9854,4.9996,4.9854,4.9965,20.68,1691116200000
1398,4.9950,5.0002,4.9899,4.9962,240.75,1691118000000
1399,4.9974,4.9995,4.9909,4.9943,363.75,1691119800000
1400,4.9960,4.9988,4.9816,4.9829,1180.02,1691121600000
1401,4.9837,4.9970,4.9795,4.9970,53.18,1691123400000
1402,4.9970,5.0014,4.9903,5.0000,557.78,1691125200000
1403,5.0000,5.0141,4.9983,5.0115,475.60,1691127000000
1404,5.0116,5.0157,5.0071,5.0127,264.47,1691128800000
1405,5.0128,5.0128,4.9981,4.9981,1438.79,1691130600000
1406,5.0008,5.0048,4.9946,5.0001,594.34,1691132400000
1407,5.0001,5.0016,4.9897,4.9940,60.94,1691134200000
1408,4.9927,5.0049,4.9877,4.9971,308.02,1691136000000
1409,4.9951,4.9973,4.9833,4.9856,405.75,1691137800000
1410,4.9872,5.0024,4.9833,5.0024,287.19,1691139600000
1411,5.0026,5.0125,5.0026,5.0104,145.51,1691141400000
1412,5.0113,5.0183,5.0049,5.0056,730.69,1691143200000
1413,5.0056,5.0072,4.9954,4.9979,294.91,1691145000000
1414,4.9991,5.0008,4.9931,4.9982,534.04,1691146800000
1415,4.9989,5.0068,4.9983,5.0061,1023.36,1691148600000
1416,5.0061,5.0105,4.9968,5.0105,1931.52,1691150400000
1417,5.0108,5.0289,5.0004,5.0259,661.65,1691152200000
1418,5.0265,5.0364,5.0235,5.0267,414.72,1691154000000
1419,5.0268,5.0465,5.0245,5.0255,373.10,1691155800000
1420,5.0255,5.0309,5.0142,5.0301,440.79,1691157600000
1421,5.0312,5.0401,5.0261,5.0361,232.22,1691159400000
1422,5.0381,5.0386,5.0245,5.0296,109.79,1691161200000
1423,5.0307,5.0392,5.0284,5.0298,166.50,1691163000000
1424,5.0320,5.0448,5.0272,5.0433,154.04,1691164800000
1425,5.0432,5.0432,5.0357,5.0419,376.33,1691166600000
1426,5.0432,5.0445,5.0252,5.0262,1624.96,1691168400000
1427,5.0261,5.0271,5.0201,5.0221,191.65,1691170200000
1428,5.0218,5.0218,4.9928,4.9966,241.65,1691172000000
1429,4.9974,5.0041,4.9630,4.9831,224.49,1691173800000
1430,4.9826,4.9923,4.9780,4.9818,510.28,1691175600000
1431,4.9850,4.9913,4.9798,4.9833,434.70,1691177400000
1432,4.9833,5.0033,4.9833,5.0033,142.59,1691179200000
1433,5.0033,5.0034,4.9421,4.9721,2852.86,1691181000000
1434,4.9726,5.0031,4.9697,5.0000,23.22,1691182800000
1435,4.9997,5.0059,4.9854,4.9870,1188.51,1691184600000
1436,4.9862,5.0009,4.9862,4.9958,282.16,1691186400000
1437,4.9946,4.9967,4.9867,4.9916,369.02,1691188200000
1438,4.9917,4.9998,4.9869,4.9941,336.97,1691190000000
1439,4.9925,5.0038,4.9907,4.9977,642.20,1691191800000
1440,4.9977,4.9995,4.9845,4.9925,269.42,1691193600000
1441,4.9948,4.9967,4.9885,4.9905,125.95,1691195400000
1442,4.9905,4.9973,4.9701,4.9742,281.49,1691197200000
1443,4.9753,4.9788,4.9533,4.9552,1142.07,1691199000000
1444,4.9550,4.9692,4.9537,4.9657,691.53,1691200800000
1445,4.9647,4.9777,4.9647,4.9727,4.68,1691202600000
1446,4.9733,4.9776,4.9698,4.9757,336.46,1691204400000
1447,4.9755,4.9765,4.9681,4.9722,0.70,1691206200000
1448,4.9730,4.9743,4.9660,4.9670,190.42,1691208000000
1449,4.9685,4.9685,4.9473,4.9563,345.08,1691209800000
1450,4.9557,4.9615,4.9478,4.9599,22.70,1691211600000
1451,4.9590,4.9664,4.9556,4.9664,416.87,1691213400000
1452,4.9663,4.9700,4.9607,4.9700,463.04,1691215200000
1453,4.9699,4.9729,4.9644,4.9644,35.30,1691217000000
1454,4.9644,4.9655,4.9578,4.9578,453.93,1691218800000
1455,4.9584,4.9694,4.9561,4.9680,66.45,1691220600000
1456,4.9680,4.9680,4.9550,4.9554,105.63,1691222400000
1457,4.9586,4.9705,4.9586,4.9683,116.79,1691224200000
1458,4.9684,4.9748,4.9651,4.9712,91.02,1691226000000
1459,4.9712,4.9727,4.9602,4.9611,77.11,1691227800000
1460,4.9612,4.9717,4.9611,4.9710,246.90,1691229600000
1461,4.9703,4.9703,4.9555,4.9664,864.48,1691231400000
1462,4.9665,4.9751,4.9628,4.9652,107.67,1691233200000
1463,4.9651,4.9670,4.9565,4.9598,294.76,1691235000000
1464,4.9586,4.9608,4.9539,4.9596,77.16,1691236800000
1465,4.9601,4.9601,4.9521,4.9526,287.66,1691238600000
1466,4.9546,4.9667,4.9539,4.9667,221.09,1691240400000
1467,4.9666,4.9667,4.9551,4.9579,101.44,1691242200000
1468,4.9579,4.9712,4.9567,4.9712,1238.30,1691244000000
1469,4.9708,4.9709,4.9534,4.9676,211.68,1691245800000
1470,4.9667,4.9690,4.9462,4.9462,450.08,1691247600000
1471,4.9462,4.9531,4.9352,4.9487,262.31,1691249400000
1472,4.9480,4.9583,4.9399,4.9431,721.76,1691251200000
1473,4.9440,4.9504,4.9361,4.9461,202.25,1691253000000
1474,4.9461,4.9625,4.9460,4.9625,396.63,1691254800000
1475,4.9639,4.9687,4.9565,4.9619,415.61,1691256600000
1476,4.9613,4.9679,4.9566,4.9649,394.21,1691258400000
1477,4.9648,4.9755,4.9628,4.9693,314.76,1691260200000
1478,4.9696,4.9728,4.9654,4.9666,543.09,1691262000000
1479,4.9668,4.9675,4.9600,4.9620,915.32,1691263800000
1480,4.9604,4.9700,4.9588,4.9655,417.18,1691265600000
1481,4.9656,4.9680,4.9555,4.9587,141.46,1691267400000
1482,4.9584,4.9697,4.9575,4.9697,0.60,1691269200000
1483,4.9697,4.9760,4.9697,4.9745,357.51,1691271000000
1484,4.9739,4.9769,4.9697,4.9719,329.74,1691272800000
1485,4.9716,4.9836,4.9707,4.9829,394.34,1691274600000
1486,4.9817,4.9837,4.9722,4.9781,133.43,1691276400000
1487,4.9758,4.9799,4.9699,4.9789,5.28,1691278200000
1488,4.9790,4.9851,4.9708,4.9809,222.16,1691280000000
1489,4.9839,4.9854,4.9731,4.9840,166.66,1691281800000
1490,4.9840,4.9854,4.9692,4.9692,404.69,1691283600000
1491,4.9681,4.9786,4.9670,4.9700,128.17,1691285400000
1492,4.9694,5.0129,4.9681,5.0117,449.94,1691287200000
1493,5.0117,5.0153,4.9969,5.0039,614.83,1691289000000
1494,5.0039,5.0110,4.9941,5.0110,514.51,1691290800000
1495,5.0100,5.0111,5.0051,5.0092,423.92,1691292600000
1496,5.0115,5.0156,5.0063,5.0102,301.02,1691294400000
1497,5.0102,5.0238,5.0086,5.0167,823.48,1691296200000
1498,5.0156,5.0211,5.0119,5.0132,328.40,1691298000000
1499,5.0132,5.0244,5.0082,5.0244,867.53,1691299800000
1500,5.0244,5.0282,5.0051,5.0116,814.03,1691301600000
1501,5.0116,5.0116,5.0019,5.0113,116.18,1691303400000
1502,5.0115,5.0115,4.9987,5.0031,319.65,1691305200000
1503,5.0033,5.0150,5.0033,5.0058,966.83,1691307000000
1504,5.0058,5.0160,5.0046,5.0140,795.56,1691308800000
1505,5.0140,5.0253,5.0140,5.0196,266.34,1691310600000
1506,5.0193,5.0226,5.0074,5.0084,1085.82,1691312400000
1507,5.0084,5.0119,5.0084,5.0110,0.71,1691314200000
1508,5.0099,5.0108,5.0010,5.0068,91.60,1691316000000
1509,5.0065,5.0084,4.9951,5.0012,814.85,1691317800000
1510,5.0011,5.0081,5.0004,5.0048,348.05,1691319600000
1511,5.0048,5.0115,5.0048,5.0090,28.88,1691321400000
1512,5.0089,5.0217,5.0089,5.0109,489.93,1691323200000
1513,5.0129,5.0174,4.9976,4.9976,317.65,1691325000000
1514,4.9967,5.0051,4.9951,4.9951,152.98,1691326800000
1515,4.9946,5.0069,4.9927,4.9958,1189.89,1691328600000
1516,4.9963,4.9994,4.9758,4.9908,203.78,1691330400000
1517,4.9908,4.9933,4.9653,4.9737,504.96,1691332200000
1518,4.9722,4.9804,4.9644,4.9644,348.44,1691334000000
1519,4.9644,4.9771,4.9638,4.9711,227.75,1691335800000
1520,4.9711,4.9768,4.9649,4.9768,528.50,1691337600000
1521,4.9768,5.0007,4.9768,4.9993,17.62,1691339400000
1522,4.9968,4.9990,4.9928,4.9957,97.16,1691341200000
1523,4.9965,5.0062,4.9948,5.0010,730.95,1691343000000
1524,5.0020,5.0132,5.0012,5.0040,185.16,1691344800000
1525,5.0040,5.0120,5.0000,5.0052,397.20,1691346600000
1526,5.0076,5.0146,5.0040,5.0092,717.57,1691348400000
1527,5.0092,5.0102,5.0011,5.0032,199.24,1691350200000
1528,5.0076,5.0102,5.0042,5.0079,354.22,1691352000000
1529,5.0090,5.0313,5.0078,5.0190,68.01,1691353800000
1530,5.0206,5.0498,5.0206,5.0424,263.40,1691355600000
1531,5.0397,5.0432,5.0106,5.0141,261.65,1691357400000
1532,5.0151,5.0407,5.0141,5.0348,214.44,1691359200000
1533,5.0347,5.0370,5.0095,5.0107,704.54,1691361000000
1534,5.0099,5.0149,4.9995,5.0093,489.48,1691362800000
1535,5.0067,5.0093,4.9969,5.0072,267.30,1691364600000
1536,5.0072,5.0213,5.0067,5.0122,67.06,1691366400000
1537,5.0127,5.0127,4.9903,4.9988,10.59,1691368200000
1538,4.9993,5.0405,4.9978,5.0393,96.07,1691370000000
1539,5.0412,5.0485,5.0325,5.0342,0.68,1691371800000
1540,5.0361,5.0394,5.0239,5.0319,622.78,1691373600000
1541,5.0304,5.0414,5.0248,5.0413,49.31,1691375400000
1542,5.0433,5.0474,5.0334,5.0400,95.88,1691377200000
1543,5.0395,5.0395,5.0235,5.0278,91.59,1691379000000
1544,5.0253,5.0376,5.0212,5.0366,308.96,1691380800000
1545,5.0366,5.0366,5.0238,5.0334,80.65,1691382600000
1546,5.0321,5.0329,5.0201,5.0211,203.49,1691384400000
1547,5.0221,5.0271,5.0148,5.0148,215.53,1691386200000
1548,5.0145,5.0151,4.9980,4.9995,540.17,1691388000000
1549,4.9984,4.9990,4.9785,4.9803,397.36,1691389800000
1550,4.9860,5.0113,4.9848,5.0013,290.42,1691391600000
1551,5.0040,5.0125,5.0020,5.0109,542.40,1691393400000
1552,5.0109,5.0110,4.9960,5.0014,284.77,1691395200000
1553,5.0019,5.0019,4.9877,4.9920,222.92,1691397000000
1554,4.9920,5.0083,4.9862,5.0083,37.16,1691398800000
1555,5.0067,5.0177,5.0025,5.0025,335.09,1691400600000
1556,5.0050,5.0063,4.9933,4.9963,133.85,1691402400000
1557,4.9954,5.0153,4.9954,5.0103,135.57,1691404200000
1558,5.0106,5.0188,5.0106,5.0181,663.84,1691406000000
1559,5.0181,5.0181,5.0099,5.0165,118.77,1691407800000
1560,5.0161,5.0161,4.9935,4.9951,277.69,1691409600000
1561,4.9943,5.0173,4.9935,5.0056,265.10,1691411400000
1562,5.0021,5.0076,4.9906,4.9943,212.46,1691413200000
1563,4.9959,5.0021,4.9866,4.9886,140.71,1691415000000
1564,4.9840,4.9848,4.9602,4.9629,551.74,1691416800000
1565,4.9604,4.9721,4.9584,4.9654,508.48,1691418600000
1566,4.9655,4.9660,4.9251,4.9356,2103.33,1691420400000
1567,4.9346,4.9417,4.9285,4.9348,1224.11,1691422200000
1568,4.9268,4.9379,4.8354,4.9036,5953.01,1691424000000
1569,4.9060,4.9085,4.8827,4.9061,778.61,1691425800000
1570,4.9072,4.9293,4.9051,4.9187,540.66,1691427600000
1571,4.9179,4.9293,4.9026,4.9269,435.62,1691429400000
1572,4.9277,4.9667,4.9250,4.9583,1370.63,1691431200000
1573,4.9585,4.9676,4.9386,4.9386,1203.14,1691433000000
1574,4.9392,4.9474,4.9327,4.9337,173.70,1691434800000
1575,4.9326,4.9570,4.9317,4.9536,1010.75,1691436600000
1576,4.9545,4.9598,4.9479,4.9571,658.30,1691438400000
1577,4.9550,4.9622,4.9531,4.9571,166.97,1691440200000
1578,4.9589,4.9728,4.9573,4.9722,83.20,1691442000000
1579,4.9713,4.9794,4.9578,4.9578,397.98,1691443800000
1580,4.9578,4.9644,4.9571,4.9602,618.24,1691445600000
1581,4.9601,4.9707,4.9582,4.9654,246.54,1691447400000
1582,4.9669,4.9734,4.9610,4.9619,5.97,1691449200000
1583,4.9610,4.9735,4.9583,4.9735,120.26,1691451000000
1584,4.9735,4.9735,4.9575,4.9600,173.16,1691452800000
1585,4.9648,4.9739,4.9535,4.9739,11.78,1691454600000
1586,4.9709,4.9749,4.9457,4.9463,561.09,1691456400000
1587,4.9454,4.9498,4.9398,4.9398,102.53,1691458200000
1588,4.9413,4.9539,4.9376,4.9505,151.61,1691460000000
1589,4.9507,4.9600,4.9507,4.9527,38.50,1691461800000
1590,4.9528,4.9572,4.9498,4.9513,322.71,1691463600000
1591,4.9526,4.9602,4.9510,4.9561,20.69,1691465400000
1592,4.9566,4.9642,4.9502,4.9638,418.01,1691467200000
1593,4.9615,4.9745,4.9610,4.9715,476.19,1691469000000
1594,4.9733,4.9800,4.9711,4.9773,202.93,1691470800000
1595,4.9770,4.9928,4.9695,4.9840,1357.72,1691472600000
1596,4.9836,4.9885,4.9800,4.9853,772.33,1691474400000
1597,4.9852,4.9945,4.9831,4.9831,148.80,1691476200000
1598,4.9820,4.9828,4.9751,4.9790,230.31,1691478000000
1599,4.9767,4.9828,4.9682,4.9705,214.09,1691479800000
1600,4.9704,4.9759,4.9664,4.9702,957.12,1691481600000
1601,4.9696,4.9778,4.9643,4.9769,958.14,1691483400000
1602,4.9774,4.9828,4.9720,4.9820,185.85,1691485200000
1603,4.9822,4.9891,4.9776,4.9810,857.76,1691487000000
1604,4.9790,4.9931,4.9779,4.9883,604.21,1691488800000
1605,4.9907,5.0015,4.9905,4.9990,372.94,1691490600000
1606,4.9999,5.0028,4.9865,5.0017,275.97,1691492400000
1607,5.0022,5.0167,5.0022,5.0162,401.51,1691494200000
1608,5.0172,5.0191,5.0087,5.0140,67.77,1691496000000
1609,5.0138,5.0417,5.0080,5.0390,186.43,1691497800000
1610,5.0395,5.0470,5.0300,5.0375,3148.73,1691499600000
1611,5.0371,5.0387,5.0081,5.0100,2403.75,1691501400000
1612,5.0078,5.0190,5.0058,5.0152,1112.33,1691503200000
1613,5.0170,5.0279,5.0102,5.0110,1199.71,1691505000000
1614,5.0112,5.0273,5.0112,5.0255,460.34,1691506800000
1615,5.0265,5.0442,5.0248,5.0325,217.79,1691508600000
1616,5.0325,5.0415,5.0282,5.0313,340.55,1691510400000
1617,5.0322,5.0778,5.0322,5.0667,374.93,1691512200000
1618,5.0664,5.0773,5.0523,5.0544,218.34,1691514000000
1619,5.0530,5.0750,5.0512,5.0710,793.95,1691515800000
1620,5.0713,5.0981,5.0706,5.0813,1053.11,1691517600000
1621,5.0818,5.0873,5.0513,5.0567,221.76,1691519400000
1622,5.0572,5.0727,5.0534,5.0556,212.07,1691521200000
1623,5.0556,5.0598,5.0487,5.0508,233.75,1691523000000
1624,5.0516,5.0664,5.0475,5.0656,267.38,1691524800000
1625,5.0673,5.0730,5.0614,5.0658,45.88,1691526600000
1626,5.0659,5.1000,5.0659,5.0810,391.00,1691528400000
1627,5.0755,5.0874,5.0600,5.0722,223.24,1691530200000
1628,5.0762,5.0800,5.0625,5.0656,117.37,1691532000000
1629,5.0678,5.0684,5.0517,5.0528,768.60,1691533800000
1630,5.0562,5.0722,5.0562,5.0717,313.35,1691535600000
1631,5.0702,5.0721,5.0593,5.0622,65.12,1691537400000
1632,5.0602,5.0746,5.0602,5.0629,139.96,1691539200000
1633,5.0651,5.0729,5.0556,5.0559,60.92,1691541000000
1634,5.0559,5.0757,5.0513,5.0757,126.39,1691542800000
1635,5.0765,5.0806,5.0652,5.0664,315.75,1691544600000
1636,5.0659,5.0694,5.0377,5.0377,564.06,1691546400000
1637,5.0372,5.0466,5.0338,5.0426,143.44,1691548200000
1638,5.0421,5.0479,5.0396,5.0452,360.11,1691550000000
1639,5.0452,5.0456,5.0387,5.0452,362.70,1691551800000
1640,5.0448,5.0526,5.0428,5.0479,137.59,1691553600000
1641,5.0480,5.0536,5.0480,5.0517,916.66,1691555400000
1642,5.0517,5.0526,5.0445,5.0472,742.72,1691557200000
1643,5.0470,5.0506,5.0386,5.0449,1250.22,1691559000000
1644,5.0451,5.0466,5.0310,5.0310,169.02,1691560800000
1645,5.0310,5.0380,5.0310,5.0362,35.44,1691562600000
1646,5.0381,5.0491,5.0369,5.0465,753.57,1691564400000
1647,5.0470,5.0529,5.0445,5.0488,477.21,1691566200000
1648,5.0496,5.0521,5.0466,5.0481,1301.03,1691568000000
1649,5.0461,5.0545,5.0421,5.0518,1069.63,1691569800000
1650,5.0522,5.0561,5.0471,5.0530,431.70,1691571600000
1651,5.0551,5.0571,5.0463,5.0491,275.69,1691573400000
1652,5.0495,5.0581,5.0477,5.0561,737.41,1691575200000
1653,5.0548,5.0651,5.0476,5.0629,729.96,1691577000000
1654,5.0652,5.0696,5.0555,5.0555,1148.19,1691578800000
1655,5.0550,5.0618,5.0470,5.0602,1506.09,1691580600000
1656,5.0613,5.0654,5.0519,5.0537,1337.55,1691582400000
1657,5.0596,5.1024,5.0587,5.1024,103.92,1691584200000
1658,5.1057,5.1070,5.0852,5.0977,235.33,1691586000000
1659,5.0971,5.0971,5.0726,5.0747,530.90,1691587800000
1660,5.0727,5.0833,5.0666,5.0824,625.03,1691589600000
1661,5.0824,5.0908,5.0545,5.0545,308.34,1691591400000
1662,5.0527,5.0604,5.0422,5.0524,294.26,1691593200000
1663,5.0538,5.0596,5.0453,5.0549,370.81,1691595000000
1664,5.0540,5.0622,5.0514,5.0522,20.82,1691596800000
1665,5.0514,5.0571,5.0342,5.0389,132.67,1691598600000
1666,5.0382,5.0454,5.0310,5.0343,129.82,1691600400000
1667,5.0334,5.0334,5.0156,5.0159,220.33,1691602200000
1668,5.0166,5.0331,5.0142,5.0331,2093.57,1691604000000
1669,5.0330,5.0389,5.0247,5.0247,1831.77,1691605800000
1670,5.0244,5.0326,5.0211,5.0307,170.68,1691607600000
1671,5.0319,5.0335,5.0145,5.0207,234.87,1691609400000
1672,5.0194,5.0249,5.0152,5.0232,262.66,1691611200000
1673,5.0251,5.0358,5.0236,5.0316,254.51,1691613000000
1674,5.0316,5.0336,5.0003,5.0242,586.83,1691614800000
1675,5.0243,5.0414,5.0243,5.0391,251.78,1691616600000
1676,5.0396,5.0446,5.0316,5.0416,202.80,1691618400000
1677,5.0425,5.0520,5.0372,5.0520,233.25,1691620200000
1678,5.0516,5.0628,5.0487,5.0628,205.07,1691622000000
1679,5.0601,5.0652,5.0588,5.0625,738.82,1691623800000
