,o,h,l,c,v,t
0,1910.70,1913.20,1908.41,1912.62,45.5582,1688601600000
1,1912.29,1912.29,1901.73,1904.67,46.4758,1688603400000
2,1904.76,1906.10,1898.18,1904.12,85.0790,1688605200000
3,1904.13,1908.38,1903.29,1908.38,110.2699,1688607000000
4,1908.48,1915.85,1908.45,1912.35,96.5509,1688608800000
5,1912.36,1914.99,1910.21,1911.29,73.0889,1688610600000
6,1911.38,1915.20,1911.31,1913.36,29.4080,1688612400000
7,1913.72,1915.05,1913.27,1913.85,13.4050,1688614200000
8,1913.85,1917.03,1913.49,1914.38,54.0192,1688616000000
9,1914.41,1915.96,1910.00,1910.86,30.3001,1688617800000
10,1910.88,1913.87,1909.68,1913.87,27.3453,1688619600000
11,1913.57,1924.67,1913.31,1922.00,138.0885,1688621400000
12,1922.02,1924.05,1919.26,1922.72,64.4117,1688623200000
13,1922.91,1926.61,1921.11,1923.70,84.1138,1688625000000
14,1923.57,1926.79,1922.82,1925.99,56.7586,1688626800000
15,1926.25,1930.27,1923.67,1925.26,72.5197,1688628600000
16,1925.40,1930.20,1924.42,1925.20,84.7294,1688630400000
17,1925.32,1951.21,1924.47,1948.72,446.9358,1688632200000
18,1949.75,1958.52,1945.90,1951.16,466.8166,1688634000000
19,1951.28,1953.31,1937.83,1940.77,335.2344,1688635800000
20,1940.95,1944.33,1937.94,1938.62,103.2854,1688637600000
21,1938.64,1945.06,1937.49,1944.10,66.3580,1688639400000
22,1944.12,1944.74,1938.42,1939.54,67.6196,1688641200000
23,1939.44,1941.03,1910.41,1917.14,537.1827,1688643000000
24,1917.09,1918.92,1903.83,1905.83,554.4827,1688644800000
25,1905.70,1905.70,1890.63,1900.82,288.9930,1688646600000
26,1901.05,1907.09,1900.35,1904.48,262.1416,1688648400000
27,1904.61,1904.64,1887.33,1892.27,412.3195,1688650200000
28,1892.24,1897.21,1869.01,1871.49,633.7576,1688652000000
29,1871.41,1881.73,1864.56,1880.15,477.7287,1688653800000
30,1880.07,1885.50,1873.43,1883.09,293.9572,1688655600000
31,1882.90,1892.82,1881.22,1888.45,165.4501,1688657400000
32,1888.75,1890.03,1882.88,1884.75,422.7187,1688659200000
33,1884.83,1888.51,1878.43,1886.71,202.5123,1688661000000
34,1886.71,1889.87,1883.91,1884.28,60.3134,1688662800000
35,1884.28,1887.44,1882.90,1887.44,38.6001,1688664600000
36,1887.54,1891.76,1885.69,1887.20,94.2640,1688666400000
37,1887.28,1894.58,1885.05,1893.59,39.3666,1688668200000
38,1893.43,1893.43,1887.35,1890.42,66.1304,1688670000000
39,1890.20,1890.82,1884.26,1885.64,44.2932,1688671800000
40,1885.45,1887.83,1879.76,1882.80,96.3511,1688673600000
41,1882.60,1884.01,1879.96,1883.53,14.4845,1688675400000
42,1883.53,1887.19,1876.23,1879.32,69.5745,1688677200000
43,1879.24,1880.39,1871.40,1876.08,89.5828,1688679000000
44,1876.08,1876.57,1871.27,1874.63,77.0347,1688680800000
45,1874.96,1875.44,1862.72,1868.78,166.1604,1688682600000
46,1868.61,1868.61,1847.91,1859.18,432.4757,1688684400000
47,1858.90,1859.61,1845.56,1845.56,137.1859,1688686200000
48,1845.86,1849.32,1824.44,1840.13,321.3868,1688688000000
49,1840.03,1848.48,1834.20,1845.20,128.4547,1688689800000
50,1845.19,1848.92,1842.62,1846.63,67.9514,1688691600000
51,1846.70,1853.72,1846.32,1852.01,67.4725,1688693400000
52,1852.22,1852.48,1850.21,1851.68,55.3817,1688695200000
53,1851.69,1855.14,1851.45,1853.89,45.7722,1688697000000
54,1854.07,1859.94,1853.14,1856.04,46.6102,1688698800000
55,1855.73,1859.46,1855.32,1858.34,53.2138,1688700600000
56,1858.32,1859.32,1853.39,1853.93,65.4771,1688702400000
57,1853.62,1855.89,1853.05,1854.80,67.8715,1688704200000
58,1854.80,1862.82,1851.55,1859.56,91.7481,1688706000000
59,1859.71,1863.39,1856.98,1857.74,64.6832,1688707800000
60,1858.00,1859.34,1853.69,1855.06,93.4383,1688709600000
61,1855.05,1857.17,1853.26,1855.51,47.5599,1688711400000
62,1855.48,1857.72,1854.79,1855.40,34.7964,1688713200000
63,1855.18,1858.81,1852.37,1856.00,85.1522,1688715000000
64,1856.65,1862.06,1853.62,1857.27,53.7930,1688716800000
65,1857.28,1859.68,1855.28,1856.06,20.8377,1688718600000
66,1856.06,1861.43,1856.06,1861.41,37.0209,1688720400000
67,1861.61,1865.80,1859.11,1861.34,83.1586,1688722200000
68,1861.36,1862.05,1859.00,1860.65,41.6034,1688724000000
69,1861.02,1863.85,1860.28,1863.59,17.7670,1688725800000
70,1863.86,1864.55,1861.38,1863.50,25.2645,1688727600000
71,1863.82,1864.65,1859.76,1860.47,43.0232,1688729400000
72,1860.25,1863.63,1855.11,1856.43,100.8278,1688731200000
73,1856.43,1873.25,1850.75,1862.51,276.9086,1688733000000
74,1863.06,1868.08,1860.26,1867.55,63.9529,1688734800000
75,1867.60,1874.55,1864.69,1872.76,140.5501,1688736600000
76,1872.96,1878.11,1865.96,1871.53,127.2363,1688738400000
77,1871.38,1874.84,1868.22,1874.84,149.3106,1688740200000
78,1874.68,1875.16,1870.21,1871.06,113.3373,1688742000000
79,1871.05,1873.87,1867.66,1871.95,70.0771,1688743800000
80,1871.96,1875.31,1868.97,1870.11,87.5564,1688745600000
81,1870.08,1873.35,1869.19,1872.69,50.3665,1688747400000
82,1872.87,1873.52,1867.21,1869.76,56.4707,1688749200000
83,1869.60,1870.27,1863.58,1867.45,104.8626,1688751000000
84,1867.45,1868.36,1864.86,1865.43,102.1843,1688752800000
85,1865.26,1865.90,1856.43,1860.16,115.9973,1688754600000
86,1860.20,1863.77,1857.52,1861.41,86.3337,1688756400000
87,1861.60,1864.25,1861.60,1864.16,31.6858,1688758200000
88,1863.90,1865.72,1863.15,1863.82,19.5660,1688760000000
89,1863.91,1866.90,1863.26,1865.39,52.0237,1688761800000
90,1865.62,1871.93,1865.26,1869.84,107.3398,1688763600000
91,1870.21,1871.17,1867.55,1868.46,15.7615,1688765400000
92,1868.70,1871.09,1867.52,1869.01,47.1912,1688767200000
93,1869.01,1869.50,1865.08,1867.96,97.5153,1688769000000
94,1867.97,1869.57,1867.97,1869.57,22.1261,1688770800000
95,1869.61,1871.23,1867.37,1870.49,37.7958,1688772600000
96,1870.85,1871.38,1868.08,1869.81,108.2910,1688774400000
97,1869.97,1872.12,1867.70,1871.85,39.9573,1688776200000
98,1871.62,1873.91,1868.71,1872.01,73.1102,1688778000000
99,1872.01,1872.01,1868.37,1868.82,137.3510,1688779800000
100,1869.12,1871.54,1867.61,1869.14,121.0334,1688781600000
101,1869.05,1871.47,1867.25,1869.51,57.5212,1688783400000
102,1869.51,1869.97,1864.34,1865.38,47.1604,1688785200000
103,1865.17,1865.54,1862.64,1864.19,35.0807,1688787000000
104,1864.15,1864.15,1860.05,1861.94,107.1796,1688788800000
105,1862.02,1862.63,1860.53,1860.63,19.0387,1688790600000
106,1860.59,1860.87,1858.14,1859.97,30.9188,1688792400000
107,1859.76,1863.78,1858.29,1862.42,41.9461,1688794200000
108,1862.77,1863.42,1855.00,1857.90,106.8803,1688796000000
109,1857.90,1857.93,1854.79,1857.42,44.5658,1688797800000
110,1857.24,1859.93,1856.68,1858.77,9.6163,1688799600000
111,1859.06,1861.86,1858.70,1861.45,13.6809,1688801400000
112,1861.66,1866.72,1861.36,1864.21,88.9808,1688803200000
113,1864.21,1866.42,1863.38,1865.35,25.0605,1688805000000
114,1865.34,1867.74,1863.04,1864.15,16.7266,1688806800000
115,1863.99,1866.16,1861.73,1863.95,22.1344,1688808600000
116,1864.07,1865.39,1863.20,1863.41,13.9309,1688810400000
117,1863.31,1863.86,1862.18,1863.16,12.7386,1688812200000
118,1863.16,1863.16,1856.97,1859.80,23.3148,1688814000000
119,1860.18,1860.87,1857.28,1859.16,43.3135,1688815800000
120,1859.05,1859.42,1856.07,1859.01,12.9026,1688817600000
121,1858.87,1859.35,1855.89,1856.13,13.4274,1688819400000
122,1856.39,1860.20,1856.39,1860.20,9.5027,1688821200000
123,1860.02,1860.93,1858.76,1859.32,20.1900,1688823000000
124,1859.58,1861.02,1858.11,1860.06,11.2102,1688824800000
125,1860.14,1861.44,1858.68,1860.97,9.4589,1688826600000
126,1861.28,1862.00,1859.53,1860.95,19.1087,1688828400000
127,1861.11,1862.41,1859.03,1859.59,39.0004,1688830200000
128,1859.49,1862.76,1859.49,1860.85,20.4390,1688832000000
129,1861.00,1866.36,1860.65,1863.11,90.1536,1688833800000
130,1863.10,1863.33,1860.47,1860.83,39.4090,1688835600000
131,1860.82,1863.90,1860.82,1862.27,27.0438,1688837400000
132,1862.42,1862.59,1858.16,1858.72,25.1078,1688839200000
133,1859.00,1860.72,1858.52,1859.48,23.8416,1688841000000
134,1859.70,1859.96,1844.05,1849.62,226.9101,1688842800000
135,1849.44,1849.97,1846.32,1847.11,66.3048,1688844600000
136,1846.65,1847.77,1842.60,1845.72,44.2019,1688846400000
137,1845.55,1848.93,1844.00,1848.49,30.6325,1688848200000
138,1848.74,1852.89,1846.19,1852.89,32.2610,1688850000000
139,1853.02,1856.57,1851.40,1856.32,37.0364,1688851800000
140,1856.72,1858.55,1854.52,1857.14,26.3027,1688853600000
141,1857.14,1861.44,1856.45,1860.83,20.0125,1688855400000
142,1861.01,1865.38,1861.01,1864.67,24.6038,1688857200000
143,1864.86,1866.98,1861.40,1865.52,41.9678,1688859000000
144,1865.61,1866.01,1862.63,1863.67,8.6976,1688860800000
145,1863.98,1870.87,1863.98,1866.74,77.4617,1688862600000
146,1866.91,1874.68,1866.91,1869.34,65.8065,1688864400000
147,1869.84,1870.09,1866.72,1868.50,29.3367,1688866200000
148,1868.56,1872.42,1867.31,1867.74,30.1250,1688868000000
149,1867.61,1868.53,1865.05,1867.72,19.2733,1688869800000
150,1867.91,1868.48,1866.05,1867.13,13.1050,1688871600000
151,1867.13,1871.61,1867.13,1867.56,31.2476,1688873400000
152,1867.90,1869.03,1866.65,1868.48,4.4946,1688875200000
153,1868.36,1870.57,1867.00,1869.46,22.3530,1688877000000
154,1869.66,1870.39,1867.14,1867.55,6.0844,1688878800000
155,1867.32,1870.62,1866.87,1867.45,126.8287,1688880600000
156,1867.51,1868.14,1866.36,1867.81,17.5178,1688882400000
157,1867.56,1868.79,1865.20,1866.84,33.0091,1688884200000
158,1866.85,1868.68,1865.39,1866.16,15.9388,1688886000000
159,1866.34,1867.48,1863.82,1867.48,20.6464,1688887800000
160,1867.48,1869.08,1866.85,1867.95,32.4076,1688889600000
161,1867.85,1868.97,1866.62,1867.96,15.7846,1688891400000
162,1867.84,1868.84,1866.31,1867.02,7.5396,1688893200000
163,1867.04,1867.40,1863.86,1866.76,62.6826,1688895000000
164,1866.96,1869.10,1866.95,1868.75,60.7859,1688896800000
165,1868.92,1869.48,1866.63,1866.97,19.2023,1688898600000
166,1866.81,1868.42,1865.29,1868.40,17.3237,1688900400000
167,1868.20,1869.66,1867.43,1869.05,26.6658,1688902200000
168,1869.14,1872.95,1868.34,1872.09,64.9153,1688904000000
169,1872.46,1879.23,1872.46,1876.20,56.6433,1688905800000
170,1875.72,1878.44,1873.37,1873.78,35.2148,1688907600000
171,1873.90,1874.12,1864.75,1866.09,98.5942,1688909400000
172,1866.44,1866.49,1856.00,1861.21,202.9048,1688911200000
173,1861.48,1874.34,1861.07,1867.88,153.8075,1688913000000
174,1867.94,1870.00,1862.77,1867.20,66.5704,1688914800000
175,1866.89,1868.51,1864.70,1865.72,15.2823,1688916600000
176,1865.66,1865.71,1861.42,1863.85,40.4100,1688918400000
177,1864.36,1866.74,1863.29,1863.61,33.7314,1688920200000
178,1863.61,1865.58,1862.06,1865.22,30.8652,1688922000000
179,1865.19,1868.04,1864.80,1867.81,16.3550,1688923800000
180,1867.93,1868.35,1866.02,1866.06,36.8042,1688925600000
181,1865.90,1868.44,1865.90,1866.56,9.8186,1688927400000
182,1866.55,1866.55,1863.24,1865.21,66.6496,1688929200000
183,1865.21,1869.04,1865.06,1868.31,29.5034,1688931000000
184,1868.39,1871.66,1867.65,1867.65,19.9315,1688932800000
185,1867.64,1869.47,1861.58,1869.30,26.9582,1688934600000
186,1869.29,1871.87,1865.64,1871.80,38.4796,1688936400000
187,1871.18,1871.51,1863.17,1865.21,45.7883,1688938200000
188,1865.54,1865.89,1855.73,1862.65,141.0268,1688940000000
189,1862.98,1868.39,1861.98,1866.73,25.1497,1688941800000
190,1866.60,1866.81,1862.43,1862.91,44.3678,1688943600000
191,1862.61,1863.01,1859.49,1862.64,31.9181,1688945400000
192,1862.69,1863.46,1846.04,1853.41,139.2310,1688947200000
193,1853.70,1862.19,1852.36,1854.39,59.4325,1688949000000
194,1854.15,1858.43,1851.44,1856.72,35.5577,1688950800000
195,1856.84,1859.70,1852.36,1853.06,31.3041,1688952600000
196,1852.69,1860.02,1852.41,1859.61,42.0553,1688954400000
197,1859.61,1866.27,1858.86,1865.28,55.1525,1688956200000
198,1865.38,1868.01,1863.34,1864.10,76.3082,1688958000000
199,1863.94,1863.94,1861.32,1861.47,20.0171,1688959800000
200,1861.61,1862.77,1859.57,1861.37,26.6384,1688961600000
201,1861.50,1863.38,1860.13,1860.70,13.6818,1688963400000
202,1860.91,1862.04,1859.78,1860.00,25.8474,1688965200000
203,1860.29,1860.60,1854.26,1854.26,85.1316,1688967000000
204,1854.17,1857.04,1853.33,1854.23,92.9871,1688968800000
205,1854.31,1855.55,1852.34,1855.55,33.9824,1688970600000
206,1855.55,1859.06,1854.60,1855.52,40.4056,1688972400000
207,1855.75,1857.32,1853.94,1856.20,25.0023,1688974200000
208,1856.31,1856.47,1848.84,1855.72,33.0514,1688976000000
209,1855.26,1856.53,1852.41,1855.97,21.2455,1688977800000
210,1856.02,1864.06,1853.22,1863.71,79.7444,1688979600000
211,1863.64,1865.64,1859.30,1860.78,39.0765,1688981400000
212,1860.90,1862.64,1860.43,1861.98,23.8038,1688983200000
213,1862.14,1865.31,1861.95,1863.19,99.2370,1688985000000
214,1863.20,1864.72,1861.44,1863.64,45.7280,1688986800000
215,1863.63,1865.54,1861.29,1864.51,23.5517,1688988600000
216,1864.38,1867.76,1864.38,1866.15,50.2630,1688990400000
217,1866.27,1866.62,1859.98,1861.88,83.7457,1688992200000
218,1862.14,1864.32,1862.14,1863.12,11.5047,1688994000000
219,1863.42,1869.96,1861.78,1863.61,69.7023,1688995800000
220,1864.01,1870.20,1864.01,1868.41,56.0911,1688997600000
221,1868.42,1873.61,1863.12,1870.29,69.7670,1688999400000
222,1870.43,1871.04,1866.33,1869.91,38.5631,1689001200000
223,1870.18,1873.73,1869.15,1871.29,108.9059,1689003000000
224,1871.45,1872.12,1865.40,1867.25,84.9663,1689004800000
225,1867.24,1874.36,1866.27,1872.57,127.0821,1689006600000
226,1872.77,1873.97,1869.81,1871.10,62.9874,1689008400000
227,1871.20,1871.40,1867.62,1868.14,14.9256,1689010200000
228,1868.28,1875.04,1867.71,1874.67,16.2676,1689012000000
229,1874.29,1891.04,1874.29,1887.95,163.1822,1689013800000
230,1888.14,1894.72,1887.32,1891.10,92.0721,1689015600000
231,1891.27,1901.14,1891.27,1900.07,137.9271,1689017400000
232,1900.38,1905.54,1891.89,1895.44,332.6858,1689019200000
233,1895.68,1897.18,1890.90,1892.82,101.0603,1689021000000
234,1892.27,1893.99,1888.28,1893.49,82.0402,1689022800000
235,1893.32,1893.32,1875.93,1875.93,177.2790,1689024600000
236,1875.84,1879.44,1866.69,1876.78,250.2704,1689026400000
237,1876.44,1877.71,1872.13,1876.01,97.0766,1689028200000
238,1875.92,1882.04,1875.92,1881.19,113.3511,1689030000000
239,1881.31,1881.38,1878.04,1880.36,32.5658,1689031800000
240,1880.63,1884.74,1875.99,1878.83,149.2294,1689033600000
241,1879.03,1881.76,1875.36,1878.88,40.6508,1689035400000
242,1878.70,1882.65,1877.94,1881.50,79.3555,1689037200000
243,1881.65,1884.96,1881.62,1883.28,37.3073,1689039000000
244,1883.26,1884.09,1879.74,1880.20,60.7101,1689040800000
245,1880.11,1881.31,1877.22,1877.96,50.6281,1689042600000
246,1878.22,1879.21,1876.00,1876.63,37.8269,1689044400000
247,1876.87,1880.26,1876.67,1880.03,16.2456,1689046200000
248,1880.03,1880.50,1878.34,1879.09,46.8279,1689048000000
249,1878.99,1879.55,1877.15,1877.37,17.9336,1689049800000
250,1877.34,1878.50,1877.12,1877.81,2.1986,1689051600000
251,1877.43,1879.01,1876.79,1877.70,16.3360,1689053400000
252,1877.60,1884.85,1877.31,1883.79,103.9420,1689055200000
253,1884.06,1892.54,1884.06,1886.33,183.1294,1689057000000
254,1886.35,1886.80,1883.36,1884.02,19.4977,1689058800000
255,1884.05,1885.09,1881.73,1882.90,51.3552,1689060600000
256,1883.06,1883.54,1881.79,1883.38,12.9072,1689062400000
257,1883.38,1884.00,1878.25,1878.38,50.4926,1689064200000
258,1878.23,1879.74,1866.85,1871.45,267.2164,1689066000000
259,1871.72,1871.72,1866.38,1870.95,71.6917,1689067800000
260,1870.90,1870.98,1863.69,1866.39,38.9483,1689069600000
261,1865.95,1868.61,1864.68,1867.37,33.9116,1689071400000
262,1867.18,1870.47,1867.04,1870.37,22.6994,1689073200000
263,1870.19,1871.82,1867.03,1867.20,36.1414,1689075000000
264,1867.06,1871.61,1864.56,1868.66,30.5999,1689076800000
265,1868.66,1871.65,1868.66,1870.55,31.7386,1689078600000
266,1870.66,1870.99,1867.13,1868.32,28.4531,1689080400000
267,1868.48,1873.77,1864.32,1868.47,93.9146,1689082200000
268,1868.45,1872.30,1861.96,1870.88,69.1977,1689084000000
269,1870.55,1877.93,1869.97,1873.51,71.7861,1689085800000
270,1873.91,1882.91,1869.12,1869.67,205.2193,1689087600000
271,1869.57,1874.40,1865.93,1871.78,87.7611,1689089400000
272,1871.98,1873.47,1865.99,1868.00,54.2165,1689091200000
273,1867.85,1875.95,1866.64,1872.29,96.1851,1689093000000
274,1872.75,1874.07,1869.54,1873.69,81.5472,1689094800000
275,1873.79,1877.00,1871.32,1872.95,84.2167,1689096600000
276,1873.10,1873.72,1869.73,1870.40,38.6789,1689098400000
277,1870.46,1872.49,1867.64,1871.79,87.0745,1689100200000
278,1871.44,1874.55,1869.35,1874.21,52.4046,1689102000000
279,1874.21,1875.47,1872.54,1874.72,51.9893,1689103800000
280,1874.82,1877.61,1874.66,1874.66,46.3102,1689105600000
281,1874.63,1876.83,1873.46,1874.02,12.6726,1689107400000
282,1874.16,1874.67,1871.77,1872.74,17.1942,1689109200000
283,1872.85,1876.72,1871.71,1875.97,42.7207,1689111000000
284,1876.10,1878.41,1875.05,1876.94,46.3531,1689112800000
285,1876.85,1879.42,1875.15,1878.83,50.9434,1689114600000
286,1879.19,1880.56,1876.96,1878.59,19.6224,1689116400000
287,1878.88,1879.37,1877.32,1878.26,13.4784,1689118200000
288,1878.27,1880.83,1876.30,1877.59,40.9430,1689120000000
289,1877.59,1880.80,1876.97,1877.34,41.6768,1689121800000
290,1877.62,1889.51,1877.62,1881.90,137.2462,1689123600000
291,1881.96,1884.55,1879.50,1882.19,68.2605,1689125400000
292,1882.06,1883.91,1881.44,1881.96,97.5308,1689127200000
293,1882.12,1885.81,1881.51,1882.82,70.2601,1689129000000
294,1883.13,1883.22,1879.33,1882.09,45.8277,1689130800000
295,1882.19,1882.50,1879.83,1880.36,28.4486,1689132600000
296,1880.36,1881.78,1878.27,1881.21,53.3332,1689134400000
297,1881.23,1882.95,1880.55,1882.95,62.8469,1689136200000
298,1882.70,1885.41,1882.10,1884.18,28.2223,1689138000000
299,1884.24,1885.65,1882.30,1883.62,27.9759,1689139800000
300,1884.05,1894.68,1881.55,1889.11,142.6096,1689141600000
301,1889.24,1896.01,1887.69,1890.37,170.5452,1689143400000
302,1890.41,1893.07,1889.33,1891.70,80.3469,1689145200000
303,1891.59,1895.44,1889.87,1890.63,80.6622,1689147000000
304,1890.86,1891.70,1887.71,1888.01,31.8021,1689148800000
305,1888.01,1889.51,1886.16,1888.66,27.2845,1689150600000
306,1888.99,1890.11,1888.01,1888.02,18.6265,1689152400000
307,1887.78,1890.31,1887.17,1890.31,12.7619,1689154200000
308,1890.13,1890.80,1887.42,1887.98,14.5041,1689156000000
309,1887.61,1887.97,1886.36,1887.26,18.1367,1689157800000
310,1887.17,1889.47,1886.38,1889.14,19.8106,1689159600000
311,1889.34,1891.67,1887.63,1890.51,36.1782,1689161400000
312,1890.28,1890.96,1886.87,1889.37,26.4649,1689163200000
313,1889.67,1901.54,1881.29,1887.19,442.6813,1689165000000
314,1886.93,1894.51,1884.07,1885.43,107.7673,1689166800000
315,1885.42,1888.77,1877.95,1887.31,139.7846,1689168600000
316,1887.30,1895.64,1887.03,1892.58,90.9151,1689170400000
317,1892.74,1899.96,1892.74,1893.05,87.7495,1689172200000
318,1893.05,1901.94,1890.77,1894.34,217.0876,1689174000000
319,1894.76,1897.22,1880.38,1883.36,282.3729,1689175800000
320,1883.67,1885.26,1878.76,1881.41,142.1318,1689177600000
321,1881.41,1885.36,1880.18,1885.24,55.3522,1689179400000
322,1885.50,1890.41,1884.34,1888.20,80.0121,1689181200000
323,1888.20,1891.54,1884.51,1886.86,77.8644,1689183000000
324,1886.86,1891.26,1886.43,1888.04,55.4512,1689184800000
325,1887.81,1889.05,1884.68,1887.62,70.0996,1689186600000
326,1887.61,1887.62,1872.60,1877.60,233.1744,1689188400000
327,1877.23,1877.23,1866.55,1869.76,296.6777,1689190200000
328,1869.70,1872.60,1866.79,1870.68,64.7454,1689192000000
329,1870.67,1873.19,1869.23,1873.19,28.1969,1689193800000
330,1872.84,1872.84,1864.86,1866.47,54.0556,1689195600000
331,1866.28,1872.21,1864.19,1871.87,73.1970,1689197400000
332,1871.99,1872.15,1869.69,1870.80,36.1413,1689199200000
333,1870.84,1871.60,1869.06,1871.19,27.7148,1689201000000
334,1871.05,1871.85,1869.41,1870.67,20.5374,1689202800000
335,1870.73,1874.09,1870.63,1872.04,11.8693,1689204600000
336,1871.95,1876.44,1871.86,1873.88,35.6780,1689206400000
337,1873.55,1874.84,1870.39,1871.26,43.7989,1689208200000
338,1871.60,1873.54,1868.78,1870.33,27.5944,1689210000000
339,1870.36,1874.16,1868.24,1872.44,55.6602,1689211800000
340,1872.75,1874.29,1870.80,1873.44,54.4361,1689213600000
341,1873.66,1873.71,1868.71,1870.10,16.3950,1689215400000
342,1870.13,1870.90,1866.19,1866.19,25.7469,1689217200000
343,1866.45,1868.02,1865.88,1867.42,19.4879,1689219000000
344,1867.73,1868.60,1863.92,1867.23,33.6451,1689220800000
345,1867.37,1869.87,1864.83,1865.85,29.7054,1689222600000
346,1865.69,1867.17,1862.63,1866.68,43.2583,1689224400000
347,1866.49,1868.63,1865.61,1868.63,18.3138,1689226200000
348,1868.23,1871.23,1867.89,1870.91,16.6260,1689228000000
349,1871.03,1873.65,1868.37,1872.94,100.4075,1689229800000
350,1873.24,1874.68,1872.20,1872.83,20.0478,1689231600000
351,1872.72,1873.14,1870.17,1870.34,8.9940,1689233400000
352,1870.37,1873.47,1869.94,1872.88,10.1451,1689235200000
353,1872.91,1874.27,1871.64,1873.27,25.9436,1689237000000
354,1873.40,1878.82,1873.33,1877.07,83.3886,1689238800000
355,1877.07,1884.33,1876.98,1883.08,56.3797,1689240600000
356,1883.19,1883.88,1880.31,1882.49,34.8676,1689242400000
357,1882.49,1884.11,1881.40,1882.07,40.9370,1689244200000
358,1882.71,1885.52,1881.98,1884.28,15.6681,1689246000000
359,1884.28,1885.41,1883.08,1883.72,12.4119,1689247800000
360,1884.00,1885.52,1881.16,1881.34,87.8568,1689249600000
361,1881.05,1884.00,1876.54,1880.92,91.5601,1689251400000
362,1880.76,1882.33,1879.50,1881.53,22.7562,1689253200000
363,1881.54,1888.00,1880.57,1887.17,59.0008,1689255000000
364,1887.19,1887.83,1877.39,1881.64,168.2607,1689256800000
365,1882.10,1885.06,1881.53,1882.59,34.5633,1689258600000
366,1882.59,1900.64,1881.31,1900.06,323.7674,1689260400000
367,1900.50,1944.54,1900.23,1933.00,1030.4607,1689262200000
368,1933.06,1966.55,1930.68,1955.19,951.2166,1689264000000
369,1955.39,1968.27,1946.83,1963.06,736.3020,1689265800000
370,1963.17,1970.00,1955.55,1963.93,387.0864,1689267600000
371,1963.71,2004.42,1962.26,1989.08,1093.4703,1689269400000
372,1989.38,2014.06,1987.77,1991.48,1104.1120,1689271200000
373,1991.21,1991.62,1978.32,1981.29,625.1787,1689273000000
374,1980.69,2002.38,1980.48,1997.47,486.7367,1689274800000
375,1997.29,2004.65,1990.82,1995.44,343.8520,1689276600000
376,1995.36,1999.61,1991.10,1995.10,253.6172,1689278400000
377,1994.63,1995.49,1982.01,1984.00,291.5723,1689280200000
378,1984.04,1984.75,1972.64,1975.72,291.1363,1689282000000
379,1975.75,1984.57,1971.48,1983.13,326.7780,1689283800000
380,1982.68,1988.61,1981.86,1987.32,70.9366,1689285600000
381,1987.70,1992.98,1986.16,1991.03,103.9847,1689287400000
382,1991.22,1998.05,1991.22,1997.57,77.3872,1689289200000
383,1997.54,2010.03,1996.40,2004.63,136.6697,1689291000000
384,2004.58,2015.74,2001.91,2006.98,180.6344,1689292800000
385,2006.78,2027.62,2006.20,2022.50,521.3923,1689294600000
386,2022.39,2029.41,2012.28,2014.45,298.8147,1689296400000
387,2014.60,2016.61,2011.25,2013.56,87.2272,1689298200000
388,2013.93,2017.08,2008.56,2009.02,143.2616,1689300000000
389,2009.01,2013.26,2008.46,2011.41,31.6710,1689301800000
390,2011.47,2018.26,2009.36,2010.90,110.3882,1689303600000
391,2010.57,2011.00,2004.91,2009.78,78.5928,1689305400000
392,2009.85,2012.53,2007.63,2011.26,64.8402,1689307200000
393,2011.58,2011.99,2007.10,2008.79,104.6986,1689309000000
394,2008.78,2009.40,2005.50,2006.96,30.8729,1689310800000
395,2006.96,2008.75,2005.54,2008.52,40.5376,1689312600000
396,2008.26,2009.75,2005.06,2005.82,62.7777,1689314400000
397,2005.87,2008.73,2003.57,2004.76,53.8559,1689316200000
398,2004.75,2006.73,2000.96,2001.92,88.0408,1689318000000
399,2001.75,2002.49,1987.36,1991.60,152.8129,1689319800000
400,1991.78,2001.35,1989.43,2000.46,107.9956,1689321600000
401,2000.50,2003.74,1998.75,2000.33,38.8148,1689323400000
402,2000.40,2000.49,1994.54,1999.27,25.2189,1689325200000
403,1999.19,1999.91,1993.65,1996.78,84.8103,1689327000000
404,1996.71,1997.71,1990.98,1991.47,45.8952,1689328800000
405,1991.22,1991.63,1983.97,1989.92,105.8512,1689330600000
406,1989.75,1993.80,1987.40,1992.20,40.0194,1689332400000
407,1992.32,1994.28,1990.01,1992.73,26.2174,1689334200000
408,1992.59,1996.08,1992.14,1993.01,44.4006,1689336000000
409,1993.00,1993.00,1986.80,1988.89,89.2366,1689337800000
410,1988.72,1991.46,1984.38,1989.72,176.2226,1689339600000
411,1989.79,2003.39,1987.09,1999.43,104.5916,1689341400000
412,1999.11,1999.35,1993.90,1994.99,110.2201,1689343200000
413,1995.09,2002.83,1993.96,1998.71,85.1409,1689345000000
414,1998.36,2003.67,1994.80,2002.75,91.1765,1689346800000
415,2002.95,2006.89,1995.67,1998.37,64.7928,1689348600000
416,1998.61,2001.32,1992.45,1993.61,90.8825,1689350400000
417,1993.35,1994.28,1982.02,1991.00,316.8556,1689352200000
418,1991.07,1991.07,1966.50,1968.36,435.9803,1689354000000
419,1968.03,1971.82,1959.68,1960.58,455.0327,1689355800000
420,1961.14,1965.12,1924.00,1930.38,932.7932,1689357600000
421,1930.08,1930.08,1911.07,1915.80,917.5792,1689359400000
422,1915.68,1924.69,1897.46,1921.31,501.8286,1689361200000
423,1921.49,1922.50,1908.88,1912.88,319.4017,1689363000000
424,1912.76,1915.26,1903.23,1904.73,180.5795,1689364800000
425,1905.10,1918.32,1900.10,1914.29,200.1442,1689366600000
426,1914.46,1924.57,1914.46,1921.70,147.6006,1689368400000
427,1922.06,1929.82,1919.50,1929.71,134.9576,1689370200000
428,1929.73,1930.00,1923.65,1925.71,81.2931,1689372000000
429,1925.71,1929.51,1925.20,1926.47,90.6190,1689373800000
430,1926.70,1933.75,1926.40,1932.38,110.2395,1689375600000
431,1932.23,1938.28,1931.21,1937.82,43.2661,1689377400000
432,1937.82,1937.82,1930.33,1935.46,49.7323,1689379200000
433,1935.48,1935.70,1929.43,1932.88,43.8080,1689381000000
434,1932.88,1933.56,1927.61,1932.70,37.7734,1689382800000
435,1932.76,1937.00,1928.82,1931.29,64.2061,1689384600000
436,1931.35,1932.15,1928.86,1929.44,34.7921,1689386400000
437,1929.54,1933.34,1929.54,1930.70,74.4703,1689388200000
438,1931.16,1932.16,1926.35,1929.12,31.5712,1689390000000
439,1928.94,1932.42,1928.47,1930.20,41.8667,1689391800000
440,1930.33,1933.15,1930.00,1933.10,42.4647,1689393600000
441,1933.11,1933.30,1930.37,1932.42,29.6188,1689395400000
442,1932.45,1933.28,1928.34,1929.76,18.3257,1689397200000
443,1929.30,1929.81,1926.77,1929.58,22.2379,1689399000000
444,1929.49,1932.39,1926.85,1929.83,44.2672,1689400800000
445,1929.83,1933.95,1929.83,1933.00,64.7495,1689402600000
446,1933.00,1939.68,1932.27,1936.84,132.2893,1689404400000
447,1936.76,1943.38,1935.74,1941.54,132.7027,1689406200000
448,1941.53,1942.52,1936.83,1939.56,39.1282,1689408000000
449,1939.52,1943.69,1938.34,1938.39,37.7500,1689409800000
450,1938.32,1940.50,1938.02,1939.47,11.6548,1689411600000
451,1939.95,1942.23,1938.75,1940.31,51.0571,1689413400000
452,1940.52,1946.71,1940.52,1943.77,62.1789,1689415200000
453,1943.83,1944.26,1941.06,1942.21,44.6852,1689417000000
454,1942.28,1942.38,1937.61,1939.25,33.0642,1689418800000
455,1939.25,1939.96,1938.50,1939.43,22.0261,1689420600000
456,1939.44,1941.09,1938.68,1940.89,11.6680,1689422400000
457,1941.14,1941.49,1938.61,1939.53,19.9662,1689424200000
458,1939.47,1940.00,1934.89,1936.31,50.3957,1689426000000
459,1936.21,1937.27,1931.29,1936.63,65.7432,1689427800000
460,1936.66,1938.00,1933.70,1935.38,32.6585,1689429600000
461,1935.41,1936.66,1932.05,1932.52,39.4354,1689431400000
462,1932.52,1936.41,1928.35,1934.16,60.2742,1689433200000
463,1934.51,1936.65,1933.62,1934.94,18.8788,1689435000000
464,1935.02,1936.91,1929.94,1934.35,146.4110,1689436800000
465,1934.53,1935.52,1930.95,1932.14,26.3649,1689438600000
466,1932.14,1933.58,1931.54,1933.06,27.2138,1689440400000
467,1932.93,1933.77,1929.42,1930.92,18.1312,1689442200000
468,1931.26,1933.33,1931.26,1932.98,7.7052,1689444000000
469,1933.06,1939.88,1932.98,1934.88,42.3978,1689445800000
470,1935.23,1937.69,1934.72,1937.56,17.3764,1689447600000
471,1937.55,1937.55,1933.54,1934.03,10.9088,1689449400000
472,1933.53,1933.53,1930.66,1931.34,21.1391,1689451200000
473,1930.90,1931.98,1930.14,1931.47,8.1184,1689453000000
474,1931.63,1931.63,1926.52,1929.07,42.1313,1689454800000
475,1929.15,1931.15,1929.00,1930.91,10.6325,1689456600000
476,1931.12,1931.12,1927.60,1929.77,33.8848,1689458400000
477,1929.69,1930.29,1926.67,1928.29,17.7617,1689460200000
478,1928.22,1929.78,1927.19,1929.32,12.2651,1689462000000
479,1929.32,1931.09,1929.06,1931.02,31.3235,1689463800000
480,1930.97,1933.25,1930.51,1930.62,24.7323,1689465600000
481,1930.62,1934.18,1930.31,1933.18,39.7337,1689467400000
482,1933.22,1936.65,1932.72,1936.33,45.8964,1689469200000
483,1936.73,1938.01,1933.29,1933.68,36.5140,1689471000000
484,1933.62,1934.76,1914.32,1921.53,475.1353,1689472800000
485,1921.42,1933.68,1920.69,1928.99,145.6396,1689474600000
486,1929.00,1929.48,1924.21,1925.82,38.7755,1689476400000
487,1925.83,1928.08,1922.54,1923.13,18.0071,1689478200000
488,1923.13,1926.35,1922.18,1924.89,46.3989,1689480000000
489,1924.81,1925.73,1923.22,1924.77,23.4468,1689481800000
490,1924.75,1929.11,1924.55,1925.73,33.4691,1689483600000
491,1925.72,1926.02,1923.55,1925.09,9.1788,1689485400000
492,1925.09,1925.38,1920.45,1923.61,58.5715,1689487200000
493,1923.60,1929.39,1922.60,1927.77,25.1412,1689489000000
494,1927.81,1931.52,1927.09,1930.65,52.7488,1689490800000
495,1930.60,1931.25,1925.59,1925.59,61.1693,1689492600000
496,1925.63,1928.35,1925.63,1927.29,20.4030,1689494400000
497,1927.46,1928.16,1926.68,1927.69,3.5049,1689496200000
498,1927.84,1931.34,1927.72,1930.19,59.2201,1689498000000
499,1930.36,1930.53,1928.66,1929.69,19.7272,1689499800000
500,1929.79,1936.30,1929.79,1931.57,51.0316,1689501600000
501,1931.59,1932.10,1928.00,1929.54,35.5118,1689503400000
502,1929.54,1931.70,1928.47,1929.25,24.0112,1689505200000
503,1929.40,1933.38,1929.24,1933.19,14.2083,1689507000000
504,1932.81,1935.91,1931.64,1931.64,13.3227,1689508800000
505,1931.74,1932.20,1930.54,1931.08,8.1229,1689510600000
506,1931.20,1932.34,1928.53,1930.36,35.2541,1689512400000
507,1930.21,1933.01,1929.65,1930.05,32.2524,1689514200000
508,1930.21,1941.30,1929.72,1939.38,118.1609,1689516000000
509,1939.37,1943.69,1936.58,1940.49,93.2155,1689517800000
510,1940.60,1941.97,1938.06,1938.69,52.5663,1689519600000
511,1938.64,1939.13,1935.34,1936.52,46.1281,1689521400000
512,1936.68,1937.10,1934.27,1936.16,28.9311,1689523200000
513,1936.21,1937.45,1934.25,1935.85,22.4209,1689525000000
514,1935.95,1939.18,1935.40,1938.60,41.0889,1689526800000
515,1938.78,1939.52,1935.92,1937.02,41.8672,1689528600000
516,1937.08,1938.48,1934.56,1934.89,15.3941,1689530400000
517,1934.83,1935.46,1929.12,1931.05,65.2342,1689532200000
518,1931.15,1933.26,1929.89,1932.59,85.2614,1689534000000
519,1932.47,1932.73,1925.35,1927.72,79.8372,1689535800000
520,1927.74,1931.45,1926.95,1928.88,60.2608,1689537600000
521,1928.80,1930.73,1928.21,1928.82,42.6762,1689539400000
522,1928.50,1931.12,1928.30,1930.70,14.7087,1689541200000
523,1930.67,1930.86,1928.33,1930.35,9.8297,1689543000000
524,1930.35,1937.32,1928.76,1932.80,93.3980,1689544800000
525,1932.80,1936.83,1931.95,1933.85,35.3209,1689546600000
526,1933.84,1934.15,1921.89,1923.64,95.9276,1689548400000
527,1923.43,1924.55,1916.23,1921.91,170.9657,1689550200000
528,1921.90,1929.79,1916.91,1924.45,45.3767,1689552000000
529,1924.11,1925.30,1917.63,1921.38,39.7117,1689553800000
530,1920.96,1924.52,1918.35,1923.38,54.1517,1689555600000
531,1923.36,1928.90,1922.64,1923.88,40.0215,1689557400000
532,1923.87,1927.48,1923.61,1925.97,25.9851,1689559200000
533,1925.96,1928.23,1924.56,1925.40,59.7652,1689561000000
534,1925.34,1928.04,1924.78,1926.97,45.6340,1689562800000
535,1927.26,1932.14,1927.26,1931.34,83.2600,1689564600000
536,1931.27,1932.67,1930.44,1931.44,41.2206,1689566400000
537,1931.43,1932.80,1929.35,1932.60,55.8826,1689568200000
538,1932.79,1936.08,1931.68,1932.63,55.9838,1689570000000
539,1932.80,1934.49,1929.92,1930.10,45.9151,1689571800000
540,1930.21,1931.78,1929.67,1930.73,34.3676,1689573600000
541,1930.73,1932.49,1926.26,1930.30,65.4156,1689575400000
542,1930.28,1931.91,1929.61,1931.53,12.4850,1689577200000
543,1931.53,1931.75,1928.22,1928.50,27.6846,1689579000000
544,1928.84,1931.00,1926.12,1931.00,21.2801,1689580800000
545,1930.95,1931.34,1924.62,1924.62,36.4901,1689582600000
546,1924.54,1927.22,1922.33,1924.05,58.8304,1689584400000
547,1924.05,1924.08,1911.66,1914.55,165.4288,1689586200000
548,1914.94,1916.21,1892.40,1905.58,551.2095,1689588000000
549,1905.19,1911.71,1899.00,1909.79,132.0885,1689589800000
550,1909.78,1919.39,1908.44,1916.42,114.5807,1689591600000
551,1916.41,1916.77,1910.03,1910.03,115.6805,1689593400000
552,1910.00,1910.47,1901.54,1903.06,90.9606,1689595200000
553,1903.00,1913.37,1900.85,1912.18,81.0790,1689597000000
554,1912.19,1916.83,1909.04,1914.11,94.4546,1689598800000
555,1914.42,1917.62,1907.99,1916.15,96.0194,1689600600000
556,1916.45,1917.78,1909.77,1912.23,80.2625,1689602400000
557,1912.23,1914.61,1910.62,1913.97,37.5266,1689604200000
558,1913.97,1914.56,1905.12,1905.65,82.7401,1689606000000
559,1905.67,1909.76,1903.19,1908.58,130.5618,1689607800000
560,1908.74,1913.31,1905.88,1910.68,131.8975,1689609600000
561,1910.61,1910.80,1898.03,1904.68,151.9021,1689611400000
562,1904.67,1906.42,1890.76,1904.79,226.0629,1689613200000
563,1904.20,1907.75,1894.92,1896.28,190.0377,1689615000000
564,1896.19,1897.30,1892.63,1896.57,191.5615,1689616800000
565,1896.57,1896.66,1873.18,1883.76,658.8543,1689618600000
566,1883.68,1889.29,1879.87,1887.29,132.2121,1689620400000
567,1887.33,1888.41,1884.71,1886.38,87.6309,1689622200000
568,1886.67,1897.48,1886.16,1892.23,93.0686,1689624000000
569,1891.98,1891.98,1888.16,1890.46,50.8582,1689625800000
570,1890.39,1901.86,1890.39,1900.61,112.9583,1689627600000
571,1900.61,1920.47,1896.94,1917.01,246.7819,1689629400000
572,1917.12,1919.88,1913.43,1916.56,96.1164,1689631200000
573,1916.64,1918.55,1908.90,1909.93,77.3161,1689633000000
574,1909.99,1913.50,1907.20,1912.27,72.8783,1689634800000
575,1912.45,1913.97,1911.04,1911.38,32.9509,1689636600000
576,1911.26,1916.82,1910.08,1916.53,129.4818,1689638400000
577,1916.59,1917.48,1911.13,1911.93,40.1221,1689640200000
578,1912.19,1915.84,1911.09,1914.35,37.2327,1689642000000
579,1914.35,1916.97,1912.93,1915.52,63.8689,1689643800000
580,1915.55,1916.44,1911.00,1911.25,39.3710,1689645600000
581,1911.05,1911.05,1907.31,1907.35,80.8464,1689647400000
582,1907.52,1910.78,1905.63,1909.87,45.6767,1689649200000
583,1910.01,1912.17,1907.94,1909.28,45.2334,1689651000000
584,1909.26,1911.88,1906.28,1908.64,48.1419,1689652800000
585,1908.62,1910.65,1907.96,1910.50,29.7632,1689654600000
586,1910.34,1910.39,1905.06,1905.82,69.4992,1689656400000
587,1905.82,1907.53,1903.65,1904.64,47.5291,1689658200000
588,1904.66,1909.30,1903.64,1906.43,27.2072,1689660000000
589,1906.42,1906.78,1893.20,1899.12,92.6527,1689661800000
590,1898.99,1903.09,1897.96,1901.51,98.9749,1689663600000
591,1901.51,1902.82,1896.89,1898.68,100.5902,1689665400000
592,1898.91,1905.17,1893.08,1904.49,90.0043,1689667200000
593,1904.32,1907.59,1900.87,1901.24,74.5613,1689669000000
594,1901.37,1903.48,1898.77,1902.21,35.1838,1689670800000
595,1902.24,1902.24,1897.06,1897.71,42.9560,1689672600000
596,1898.16,1900.36,1896.45,1899.96,78.4760,1689674400000
597,1899.69,1905.77,1899.50,1903.74,35.5037,1689676200000
598,1903.58,1909.71,1903.54,1906.73,70.9560,1689678000000
599,1906.93,1908.04,1890.57,1894.00,212.2237,1689679800000
600,1893.81,1896.25,1888.34,1891.00,183.8734,1689681600000
601,1890.80,1893.70,1885.00,1892.10,174.8283,1689683400000
602,1891.97,1893.93,1885.86,1891.08,121.3731,1689685200000
603,1891.00,1896.54,1889.82,1893.79,81.5367,1689687000000
604,1893.89,1904.40,1891.57,1899.85,203.9489,1689688800000
605,1899.50,1902.74,1892.82,1900.60,142.9969,1689690600000
606,1900.62,1900.62,1893.88,1894.72,61.5430,1689692400000
607,1894.00,1898.23,1893.05,1897.67,46.9654,1689694200000
608,1897.57,1901.34,1896.13,1897.45,67.5332,1689696000000
609,1897.70,1900.08,1876.32,1884.97,253.0729,1689697800000
610,1884.53,1888.50,1883.62,1885.03,91.5959,1689699600000
611,1885.02,1892.22,1884.77,1892.00,63.2922,1689701400000
612,1891.79,1902.87,1889.94,1902.66,128.8051,1689703200000
613,1902.81,1903.31,1898.49,1901.39,75.8737,1689705000000
614,1901.39,1904.00,1896.10,1896.10,47.3377,1689706800000
615,1896.00,1897.98,1890.07,1891.58,64.8437,1689708600000
616,1891.76,1896.31,1891.34,1892.64,32.1341,1689710400000
617,1892.71,1897.73,1889.69,1894.39,158.1960,1689712200000
618,1894.06,1899.15,1892.44,1898.87,58.8135,1689714000000
619,1898.87,1898.87,1896.21,1897.28,16.5714,1689715800000
620,1897.10,1899.99,1896.28,1899.11,36.9252,1689717600000
621,1899.30,1902.50,1897.53,1901.29,39.9822,1689719400000
622,1901.48,1901.68,1897.49,1899.55,43.6000,1689721200000
623,1899.00,1899.24,1892.69,1897.16,112.3837,1689723000000
624,1897.58,1901.74,1894.83,1901.53,76.4532,1689724800000
625,1901.99,1912.53,1901.83,1911.08,174.0015,1689726600000
626,1911.61,1913.66,1904.62,1906.06,81.7939,1689728400000
627,1906.18,1910.42,1904.73,1908.78,48.0038,1689730200000
628,1908.84,1910.65,1906.68,1906.68,42.7735,1689732000000
629,1906.68,1912.18,1906.68,1910.10,31.1693,1689733800000
630,1910.47,1915.48,1910.47,1911.98,69.0041,1689735600000
631,1912.09,1913.30,1909.58,1912.33,80.7245,1689737400000
632,1912.43,1918.08,1912.12,1914.92,128.6364,1689739200000
633,1915.33,1917.82,1911.77,1911.85,71.1884,1689741000000
634,1911.82,1914.70,1910.88,1912.46,95.3341,1689742800000
635,1912.56,1914.97,1912.22,1913.97,57.7200,1689744600000
636,1913.99,1914.89,1910.10,1910.85,59.3050,1689746400000
637,1910.86,1911.64,1908.08,1909.99,104.5328,1689748200000
638,1910.06,1911.65,1909.07,1910.87,48.8682,1689750000000
639,1910.92,1910.92,1906.81,1908.57,33.7013,1689751800000
640,1908.56,1908.98,1906.04,1908.70,27.0814,1689753600000
641,1908.65,1909.70,1903.29,1904.66,55.2401,1689755400000
642,1904.50,1908.95,1902.04,1908.95,32.2709,1689757200000
643,1908.83,1912.24,1907.12,1909.73,33.4689,1689759000000
644,1909.69,1910.68,1907.52,1907.90,13.8019,1689760800000
645,1907.91,1910.89,1907.91,1909.29,10.9409,1689762600000
646,1909.35,1909.82,1907.55,1909.13,37.1808,1689764400000
647,1909.13,1910.33,1907.70,1909.42,16.2745,1689766200000
648,1909.50,1910.68,1905.34,1905.80,72.8778,1689768000000
649,1905.74,1908.42,1903.21,1907.12,70.2921,1689769800000
650,1907.01,1907.73,1902.44,1907.60,42.4528,1689771600000
651,1907.70,1924.04,1905.90,1911.01,330.2231,1689773400000
652,1911.01,1912.95,1899.30,1902.70,115.6368,1689775200000
653,1902.61,1904.49,1896.19,1899.08,201.5587,1689777000000
654,1898.86,1903.11,1894.40,1900.76,126.9585,1689778800000
655,1900.66,1908.92,1899.51,1906.06,90.9978,1689780600000
656,1906.34,1908.84,1902.17,1903.33,73.0401,1689782400000
657,1902.89,1904.76,1900.92,1902.89,38.5885,1689784200000
658,1902.79,1908.36,1901.44,1908.36,65.4684,1689786000000
659,1907.50,1917.87,1905.37,1909.39,263.4649,1689787800000
660,1909.43,1912.31,1904.41,1910.61,115.2581,1689789600000
661,1910.62,1913.48,1907.51,1912.68,65.8395,1689791400000
662,1912.63,1915.10,1910.84,1911.69,64.2667,1689793200000
663,1911.54,1912.11,1908.91,1909.97,62.7179,1689795000000
664,1910.19,1910.29,1899.89,1901.88,118.0009,1689796800000
665,1901.71,1904.27,1897.87,1898.80,83.1990,1689798600000
666,1898.62,1899.17,1882.01,1889.67,330.7629,1689800400000
667,1889.96,1895.68,1888.35,1894.13,65.1590,1689802200000
668,1894.02,1894.76,1889.16,1892.15,63.0603,1689804000000
669,1892.14,1892.14,1886.01,1888.05,69.8033,1689805800000
670,1887.96,1890.96,1884.82,1889.70,72.5779,1689807600000
671,1889.52,1892.67,1887.78,1888.67,42.6117,1689809400000
672,1888.48,1890.12,1884.39,1885.31,107.2119,1689811200000
673,1885.00,1894.70,1882.52,1893.77,94.9736,1689813000000
674,1893.82,1896.05,1892.50,1894.41,65.3051,1689814800000
675,1894.35,1896.10,1892.47,1894.35,44.1827,1689816600000
676,1894.39,1900.15,1894.39,1898.10,83.6001,1689818400000
677,1898.02,1899.91,1895.86,1897.20,53.8824,1689820200000
678,1897.42,1898.47,1893.18,1893.85,45.4348,1689822000000
679,1893.64,1894.93,1892.44,1894.54,31.0011,1689823800000
680,1894.55,1897.69,1893.50,1893.97,49.6827,1689825600000
681,1894.07,1897.37,1893.78,1896.08,9.3256,1689827400000
682,1896.07,1903.25,1895.08,1901.37,131.1170,1689829200000
683,1901.50,1909.73,1901.49,1906.84,95.1816,1689831000000
684,1906.83,1908.34,1904.24,1907.97,68.5171,1689832800000
685,1908.09,1908.80,1903.90,1906.56,20.9288,1689834600000
686,1906.66,1913.49,1904.91,1912.63,198.5410,1689836400000
687,1912.64,1914.66,1910.56,1912.54,64.5273,1689838200000
688,1912.55,1914.96,1911.36,1914.17,40.8097,1689840000000
689,1914.06,1917.42,1911.53,1915.11,94.2126,1689841800000
690,1915.36,1918.34,1912.82,1915.80,139.7185,1689843600000
691,1915.57,1921.73,1915.57,1918.78,203.7248,1689845400000
692,1918.80,1928.24,1918.36,1926.78,243.7222,1689847200000
693,1927.00,1929.61,1919.10,1919.98,201.2538,1689849000000
694,1919.97,1922.04,1917.48,1921.04,93.4369,1689850800000
695,1920.94,1922.88,1918.97,1921.36,144.2077,1689852600000
696,1921.42,1923.18,1919.26,1919.69,77.1179,1689854400000
697,1919.79,1920.02,1916.06,1916.06,118.7495,1689856200000
698,1916.47,1919.49,1913.17,1918.36,114.9893,1689858000000
699,1918.36,1921.80,1917.48,1917.56,113.6853,1689859800000
700,1917.92,1918.99,1909.51,1911.27,188.7343,1689861600000
701,1911.09,1911.09,1883.68,1889.73,722.6059,1689863400000
702,1889.61,1895.78,1885.65,1892.60,320.3950,1689865200000
703,1892.87,1892.93,1884.73,1888.29,155.0850,1689867000000
704,1888.46,1892.01,1882.57,1885.58,191.6103,1689868800000
705,1886.00,1888.24,1877.51,1884.50,270.5760,1689870600000
706,1884.26,1889.68,1882.67,1887.28,128.3429,1689872400000
707,1887.27,1893.95,1886.19,1890.48,148.3376,1689874200000
708,1890.66,1890.94,1881.98,1883.67,121.5830,1689876000000
709,1883.30,1891.12,1881.49,1884.78,183.3156,1689877800000
710,1884.96,1887.00,1883.00,1886.61,97.2230,1689879600000
711,1886.61,1888.54,1882.79,1888.00,75.6916,1689881400000
712,1888.03,1888.77,1883.30,1885.62,67.0235,1689883200000
713,1885.53,1888.60,1882.36,1888.60,84.2248,1689885000000
714,1888.15,1894.87,1887.68,1894.45,97.8097,1689886800000
715,1894.26,1898.44,1891.70,1897.82,74.1606,1689888600000
716,1897.75,1899.04,1894.87,1894.93,138.4401,1689890400000
717,1895.14,1896.79,1893.35,1894.76,46.8074,1689892200000
718,1894.63,1895.15,1891.86,1893.07,116.8687,1689894000000
719,1892.93,1893.28,1890.42,1891.89,48.9324,1689895800000
720,1891.89,1893.31,1889.11,1889.37,73.0164,1689897600000
721,1889.49,1892.81,1886.52,1889.24,76.4467,1689899400000
722,1889.24,1897.91,1887.63,1894.64,152.2452,1689901200000
723,1894.77,1896.79,1893.27,1896.14,93.3980,1689903000000
724,1896.33,1902.08,1894.75,1900.49,104.3895,1689904800000
725,1900.78,1901.19,1897.14,1898.36,86.7690,1689906600000
726,1898.57,1900.68,1897.01,1897.30,93.6215,1689908400000
727,1897.31,1898.06,1895.93,1896.85,45.5376,1689910200000
728,1896.87,1897.75,1894.43,1894.97,38.2877,1689912000000
729,1895.02,1896.69,1894.62,1895.53,24.6523,1689913800000
730,1895.53,1896.09,1891.78,1893.08,65.4702,1689915600000
731,1893.08,1893.60,1890.66,1892.49,26.6222,1689917400000
732,1892.49,1894.69,1890.48,1893.42,25.6787,1689919200000
733,1893.31,1893.87,1890.97,1893.33,20.9019,1689921000000
734,1893.22,1893.73,1889.22,1890.54,41.0273,1689922800000
735,1890.38,1890.38,1887.18,1889.61,75.5125,1689924600000
736,1889.61,1891.93,1888.84,1891.44,39.5507,1689926400000
737,1891.36,1892.51,1890.60,1891.69,28.1877,1689928200000
738,1891.85,1894.30,1891.03,1893.28,71.8910,1689930000000
739,1893.31,1893.64,1884.78,1885.71,82.5274,1689931800000
740,1885.71,1889.99,1885.41,1887.85,69.0356,1689933600000
741,1887.94,1890.08,1887.28,1888.38,46.4480,1689935400000
742,1888.48,1889.48,1885.45,1886.32,86.2354,1689937200000
743,1886.20,1889.51,1884.53,1889.39,45.4339,1689939000000
744,1889.40,1891.83,1888.71,1891.13,86.9835,1689940800000
745,1891.34,1896.76,1891.34,1894.57,111.5322,1689942600000
746,1894.65,1896.34,1892.27,1892.64,104.2833,1689944400000
747,1892.89,1895.93,1888.53,1889.51,156.2849,1689946200000
748,1889.33,1892.27,1886.03,1887.05,163.9337,1689948000000
749,1887.78,1894.11,1887.66,1893.54,151.5631,1689949800000
750,1893.58,1895.50,1891.04,1891.04,199.2815,1689951600000
751,1891.47,1892.64,1890.11,1891.13,42.0007,1689953400000
752,1891.33,1891.97,1889.36,1890.65,50.7939,1689955200000
753,1891.06,1891.42,1888.72,1889.60,54.1984,1689957000000
754,1889.60,1897.14,1888.74,1895.81,140.8576,1689958800000
755,1896.00,1899.03,1895.02,1898.00,124.2443,1689960600000
756,1898.50,1905.69,1898.21,1901.76,181.6460,1689962400000
757,1902.03,1904.53,1899.09,1899.84,90.1570,1689964200000
758,1899.88,1899.88,1884.73,1894.71,265.5954,1689966000000
759,1894.61,1896.73,1892.24,1894.79,59.9956,1689967800000
760,1894.79,1895.04,1891.05,1894.91,128.6870,1689969600000
761,1894.94,1895.43,1892.82,1894.47,113.9245,1689971400000
762,1894.75,1896.36,1893.76,1894.62,37.9033,1689973200000
763,1894.53,1895.70,1891.97,1894.25,37.2808,1689975000000
764,1894.31,1895.28,1892.18,1894.21,52.3146,1689976800000
765,1894.21,1895.80,1892.80,1893.41,41.5689,1689978600000
766,1893.41,1893.90,1890.91,1892.44,35.7445,1689980400000
767,1892.49,1892.84,1890.57,1891.79,45.3053,1689982200000
768,1891.56,1893.70,1890.90,1893.02,99.9114,1689984000000
769,1893.02,1896.55,1892.67,1896.55,52.4668,1689985800000
770,1896.56,1897.82,1894.30,1894.61,78.0543,1689987600000
771,1894.61,1894.62,1891.26,1891.61,88.8586,1689989400000
772,1891.60,1893.90,1890.88,1891.84,50.2645,1689991200000
773,1891.80,1895.50,1891.71,1895.09,61.4110,1689993000000
774,1895.09,1895.78,1892.30,1895.66,55.1172,1689994800000
775,1895.35,1895.81,1893.20,1893.20,32.4646,1689996600000
776,1893.20,1894.91,1892.19,1894.85,17.5209,1689998400000
777,1894.84,1896.02,1892.53,1894.10,25.1328,1690000200000
778,1894.09,1894.57,1893.03,1893.66,19.9949,1690002000000
779,1893.64,1894.37,1892.41,1892.54,26.5511,1690003800000
780,1892.69,1893.80,1891.26,1892.09,13.7385,1690005600000
781,1892.18,1892.69,1891.16,1891.89,18.2407,1690007400000
782,1892.09,1892.76,1890.29,1892.74,13.8642,1690009200000
783,1892.59,1895.46,1890.18,1892.08,75.8978,1690011000000
784,1892.08,1894.44,1891.32,1893.13,13.9407,1690012800000
785,1893.12,1893.24,1891.50,1892.39,10.5184,1690014600000
786,1892.30,1893.36,1891.28,1893.15,30.4109,1690016400000
787,1893.20,1893.38,1887.99,1889.93,34.4883,1690018200000
788,1890.10,1890.10,1884.07,1886.07,132.9502,1690020000000
789,1886.17,1888.59,1885.96,1888.18,39.1187,1690021800000
790,1888.13,1888.67,1884.66,1886.56,67.2855,1690023600000
791,1886.61,1888.72,1886.60,1888.01,21.2979,1690025400000
792,1887.88,1887.91,1886.61,1887.91,16.6993,1690027200000
793,1887.91,1888.29,1885.02,1885.29,39.0964,1690029000000
794,1885.57,1887.75,1885.52,1887.23,8.0729,1690030800000
795,1886.89,1886.97,1886.07,1886.96,8.2172,1690032600000
796,1886.99,1890.31,1885.75,1886.96,57.3963,1690034400000
797,1886.96,1889.43,1886.52,1887.94,40.1055,1690036200000
798,1887.94,1888.03,1886.33,1887.57,15.2573,1690038000000
799,1887.57,1890.03,1886.62,1888.93,23.1434,1690039800000
800,1888.97,1889.60,1887.36,1888.16,15.3008,1690041600000
801,1888.08,1890.87,1888.08,1889.74,38.8774,1690043400000
802,1889.71,1889.97,1888.87,1889.21,10.6303,1690045200000
803,1889.20,1889.24,1884.20,1885.36,23.7759,1690047000000
804,1885.44,1885.50,1881.79,1884.00,50.9585,1690048800000
805,1884.01,1885.13,1882.66,1883.24,23.4564,1690050600000
806,1883.25,1887.31,1882.84,1885.79,38.2660,1690052400000
807,1885.78,1888.26,1884.21,1887.12,31.8958,1690054200000
808,1887.12,1888.70,1885.57,1887.24,34.7435,1690056000000
809,1887.17,1888.73,1886.80,1887.23,19.3673,1690057800000
810,1887.27,1888.19,1885.83,1887.64,36.4980,1690059600000
811,1887.64,1888.13,1886.50,1886.96,23.6409,1690061400000
812,1887.01,1888.64,1885.17,1885.25,23.2952,1690063200000
813,1885.23,1885.92,1882.14,1884.25,26.5065,1690065000000
814,1884.30,1884.54,1850.01,1856.41,972.7560,1690066800000
815,1856.37,1866.52,1853.44,1866.52,250.4443,1690068600000
816,1866.52,1867.56,1861.69,1866.20,142.0149,1690070400000
817,1866.17,1866.17,1857.77,1862.13,172.8449,1690072200000
818,1862.32,1870.71,1862.32,1869.59,205.5318,1690074000000
819,1869.45,1871.68,1868.52,1869.60,70.2142,1690075800000
820,1869.65,1872.35,1867.34,1871.97,154.5881,1690077600000
821,1871.98,1873.72,1870.22,1872.45,54.5440,1690079400000
822,1872.40,1872.76,1869.78,1870.87,76.5172,1690081200000
823,1870.93,1871.33,1869.09,1869.47,34.1193,1690083000000
824,1869.47,1871.33,1869.47,1869.71,27.0934,1690084800000
825,1869.94,1875.53,1869.94,1874.50,84.5750,1690086600000
826,1874.64,1879.37,1873.25,1878.32,120.1189,1690088400000
827,1878.32,1879.24,1873.98,1875.26,78.3093,1690090200000
828,1875.26,1875.73,1872.97,1873.01,34.2907,1690092000000
829,1873.11,1875.97,1872.76,1874.28,51.1127,1690093800000
830,1874.37,1874.80,1873.28,1873.91,14.9897,1690095600000
831,1873.96,1874.91,1872.59,1874.91,31.1523,1690097400000
832,1874.92,1875.89,1873.68,1874.46,14.5484,1690099200000
833,1874.41,1878.62,1874.04,1877.98,43.6647,1690101000000
834,1878.07,1878.21,1875.93,1876.82,39.6564,1690102800000
835,1876.86,1876.93,1874.37,1875.18,26.2557,1690104600000
836,1875.23,1876.88,1875.00,1876.24,18.8637,1690106400000
837,1876.51,1876.51,1873.99,1874.38,19.6986,1690108200000
838,1874.38,1874.94,1874.11,1874.74,5.4028,1690110000000
839,1874.78,1876.43,1874.01,1874.59,28.3496,1690111800000
840,1874.54,1876.42,1874.21,1874.53,10.5000,1690113600000
841,1874.61,1875.66,1872.66,1875.37,18.6288,1690115400000
842,1875.37,1875.53,1873.08,1873.20,46.6877,1690117200000
843,1873.27,1874.91,1871.59,1873.48,43.5293,1690119000000
844,1873.50,1875.00,1873.50,1874.04,49.4119,1690120800000
845,1874.03,1875.05,1873.12,1873.51,14.6011,1690122600000
846,1873.58,1874.13,1872.67,1872.74,12.1969,1690124400000
847,1872.71,1875.44,1872.25,1874.07,54.7212,1690126200000
848,1874.18,1878.38,1874.16,1876.90,75.3549,1690128000000
849,1876.94,1886.03,1876.67,1883.24,146.8424,1690129800000
850,1883.66,1886.34,1881.79,1884.15,60.2348,1690131600000
851,1884.20,1895.68,1882.65,1894.88,186.4900,1690133400000
852,1894.65,1897.33,1891.92,1895.06,162.6124,1690135200000
853,1895.05,1904.29,1894.17,1902.17,218.0865,1690137000000
854,1902.09,1906.03,1892.79,1894.66,184.4616,1690138800000
855,1894.60,1896.15,1883.92,1889.11,240.5053,1690140600000
856,1889.07,1892.76,1889.07,1890.96,142.2089,1690142400000
857,1890.97,1892.94,1889.95,1892.87,20.4609,1690144200000
858,1892.87,1893.84,1885.13,1885.85,98.6072,1690146000000
859,1885.85,1885.85,1874.90,1879.88,145.7180,1690147800000
860,1879.97,1884.28,1879.52,1883.05,63.8653,1690149600000
861,1883.03,1885.35,1882.79,1883.19,40.5589,1690151400000
862,1883.19,1887.93,1883.19,1887.36,66.9318,1690153200000
863,1887.41,1890.13,1886.46,1888.29,45.2973,1690155000000
864,1888.30,1890.49,1887.01,1887.65,49.3815,1690156800000
865,1887.65,1890.91,1885.75,1886.14,34.2713,1690158600000
866,1885.89,1886.30,1879.84,1880.52,45.7873,1690160400000
867,1880.89,1882.93,1875.97,1879.80,74.4918,1690162200000
868,1879.74,1880.37,1871.70,1874.76,104.3630,1690164000000
869,1874.59,1877.50,1873.90,1874.84,62.1678,1690165800000
870,1875.01,1875.01,1868.02,1868.18,173.2708,1690167600000
871,1868.05,1869.78,1865.89,1868.63,79.5489,1690169400000
872,1868.56,1869.02,1862.36,1868.22,126.8957,1690171200000
873,1868.23,1872.44,1868.23,1871.35,42.0582,1690173000000
874,1871.35,1873.36,1867.00,1872.44,89.9938,1690174800000
875,1872.62,1873.24,1870.31,1871.21,16.2301,1690176600000
876,1871.17,1871.64,1869.09,1870.13,18.9960,1690178400000
877,1870.20,1871.44,1869.08,1869.53,19.8647,1690180200000
878,1869.56,1875.31,1867.96,1873.49,62.0062,1690182000000
879,1873.49,1877.61,1871.87,1874.96,80.3147,1690183800000
880,1875.00,1875.23,1873.05,1874.67,39.4375,1690185600000
881,1874.62,1874.62,1869.47,1869.92,82.9005,1690187400000
882,1869.88,1871.67,1868.71,1869.92,51.6529,1690189200000
883,1869.92,1871.00,1833.00,1842.38,1680.6438,1690191000000
884,1842.57,1853.12,1838.96,1850.69,256.2280,1690192800000
885,1850.77,1853.31,1847.60,1852.20,152.0168,1690194600000
886,1852.58,1855.15,1851.65,1853.12,77.6810,1690196400000
887,1853.13,1855.46,1850.93,1853.20,107.3629,1690198200000
888,1853.20,1853.39,1847.79,1847.88,472.1742,1690200000000
889,1847.75,1853.00,1847.38,1852.59,366.4592,1690201800000
890,1852.34,1854.70,1851.03,1852.46,56.3408,1690203600000
891,1852.47,1854.34,1846.31,1850.71,136.0548,1690205400000
892,1850.69,1851.07,1844.75,1848.18,183.3758,1690207200000
893,1847.98,1849.75,1841.41,1843.95,265.1759,1690209000000
894,1843.97,1846.53,1834.01,1844.64,481.8323,1690210800000
895,1844.03,1844.29,1838.52,1842.95,120.0395,1690212600000
896,1843.31,1845.63,1838.69,1845.41,143.2026,1690214400000
897,1845.37,1849.26,1843.17,1844.84,98.6711,1690216200000
898,1844.80,1845.53,1842.75,1843.57,34.9572,1690218000000
899,1843.71,1845.05,1840.72,1843.16,130.2209,1690219800000
900,1843.16,1848.07,1842.78,1847.21,67.4017,1690221600000
901,1847.51,1851.01,1847.51,1849.84,51.9433,1690223400000
902,1849.58,1851.20,1849.31,1850.58,46.7888,1690225200000
903,1850.49,1851.11,1847.72,1849.67,59.6791,1690227000000
904,1849.71,1850.72,1847.86,1848.74,37.0402,1690228800000
905,1848.68,1851.38,1846.43,1850.47,66.8342,1690230600000
906,1850.57,1852.07,1847.07,1849.59,28.7672,1690232400000
907,1849.58,1849.97,1848.28,1849.72,20.4834,1690234200000
908,1849.72,1851.48,1846.83,1846.85,44.8753,1690236000000
909,1846.82,1848.00,1845.29,1847.99,26.8460,1690237800000
910,1847.94,1851.44,1847.50,1851.17,18.2985,1690239600000
911,1851.12,1851.12,1849.47,1849.77,9.9529,1690241400000
912,1849.78,1852.62,1849.50,1851.16,17.6550,1690243200000
913,1851.20,1852.07,1847.85,1849.51,14.8401,1690245000000
914,1849.59,1849.67,1845.15,1846.65,38.1401,1690246800000
915,1846.49,1849.20,1845.54,1848.95,45.6991,1690248600000
916,1848.99,1850.73,1848.52,1850.64,70.6699,1690250400000
917,1850.34,1856.49,1850.26,1853.30,72.6830,1690252200000
918,1853.30,1854.12,1851.18,1851.45,33.3160,1690254000000
919,1851.47,1852.17,1850.41,1850.73,9.8218,1690255800000
920,1851.10,1852.59,1848.83,1849.39,10.7886,1690257600000
921,1849.24,1849.98,1846.51,1848.28,11.8738,1690259400000
922,1848.30,1851.40,1848.03,1851.00,13.9406,1690261200000
923,1851.04,1853.71,1850.91,1851.72,18.3335,1690263000000
924,1851.81,1853.58,1851.00,1853.35,14.9143,1690264800000
925,1853.35,1853.56,1849.95,1852.70,10.7697,1690266600000
926,1852.75,1853.15,1850.99,1852.52,9.7720,1690268400000
927,1852.52,1852.83,1848.89,1851.03,20.0087,1690270200000
928,1851.04,1852.52,1849.17,1851.84,15.2116,1690272000000
929,1852.09,1855.20,1850.74,1854.90,21.2738,1690273800000
930,1854.93,1856.51,1852.62,1856.19,28.8131,1690275600000
931,1856.30,1863.16,1855.32,1856.80,88.9435,1690277400000
932,1856.78,1857.38,1854.58,1856.55,28.9758,1690279200000
933,1856.51,1856.51,1854.38,1854.56,16.3721,1690281000000
934,1854.48,1854.56,1852.52,1853.06,8.9728,1690282800000
935,1853.05,1854.98,1852.42,1853.66,20.3011,1690284600000
936,1853.71,1855.15,1853.01,1854.56,9.5263,1690286400000
937,1854.51,1854.87,1852.37,1853.74,27.3278,1690288200000
938,1853.74,1856.58,1851.88,1855.34,138.6046,1690290000000
939,1855.34,1869.03,1855.34,1864.48,120.0345,1690291800000
940,1864.53,1867.32,1862.54,1863.96,64.8163,1690293600000
941,1863.98,1864.02,1853.95,1853.97,58.0526,1690295400000
942,1853.94,1859.38,1853.14,1856.61,35.5956,1690297200000
943,1856.73,1859.65,1855.27,1857.64,13.5281,1690299000000
944,1857.64,1864.05,1857.23,1859.16,42.8319,1690300800000
945,1859.24,1860.59,1854.20,1856.07,60.8335,1690302600000
946,1856.13,1861.51,1852.50,1860.05,120.3877,1690304400000
947,1860.05,1861.27,1858.10,1860.96,27.8510,1690306200000
948,1861.13,1864.10,1860.09,1862.62,51.4394,1690308000000
949,1862.62,1866.88,1859.51,1859.52,44.8519,1690309800000
950,1859.53,1861.16,1859.22,1859.99,22.2082,1690311600000
951,1859.80,1859.84,1856.99,1857.28,61.0237,1690313400000
952,1857.23,1860.11,1855.97,1859.19,31.4007,1690315200000
953,1859.17,1862.45,1859.17,1861.87,64.7533,1690317000000
954,1862.03,1864.50,1861.01,1863.79,48.8241,1690318800000
955,1863.76,1864.88,1861.11,1861.33,47.7217,1690320600000
956,1861.38,1863.35,1860.05,1861.01,37.0748,1690322400000
957,1861.22,1861.51,1859.79,1859.85,19.9170,1690324200000
958,1859.85,1860.52,1856.98,1857.22,30.8120,1690326000000
959,1856.95,1858.98,1856.89,1858.03,23.6326,1690327800000
960,1858.15,1859.32,1854.74,1857.97,57.8458,1690329600000
961,1857.88,1857.88,1854.81,1855.98,63.4136,1690331400000
962,1855.94,1856.60,1853.12,1854.65,90.0920,1690333200000
963,1854.73,1855.87,1851.83,1853.96,44.0888,1690335000000
964,1854.01,1856.75,1853.69,1856.70,12.8798,1690336800000
965,1856.56,1859.54,1854.54,1859.49,70.4418,1690338600000
966,1859.53,1867.40,1858.43,1859.90,86.3948,1690340400000
967,1859.90,1860.46,1858.38,1858.50,12.4906,1690342200000
968,1858.58,1858.72,1855.87,1856.90,20.2392,1690344000000
969,1856.82,1857.99,1854.46,1855.29,8.5984,1690345800000
970,1855.10,1857.40,1855.00,1856.53,8.0934,1690347600000
971,1856.47,1859.74,1855.69,1859.15,22.8214,1690349400000
972,1859.33,1859.69,1857.40,1857.83,20.8311,1690351200000
973,1857.87,1861.13,1853.44,1854.23,93.4127,1690353000000
974,1854.32,1856.32,1851.86,1853.02,71.8425,1690354800000
975,1853.12,1854.03,1852.14,1853.49,10.5221,1690356600000
976,1853.39,1855.00,1852.60,1854.12,46.4081,1690358400000
977,1854.22,1855.88,1853.80,1854.51,14.7191,1690360200000
978,1854.51,1855.74,1852.73,1852.90,11.9724,1690362000000
979,1853.05,1853.76,1848.17,1850.27,43.7372,1690363800000
980,1850.36,1852.47,1849.71,1851.76,16.9512,1690365600000
981,1851.76,1853.07,1851.10,1852.10,12.4068,1690367400000
982,1852.19,1853.27,1852.15,1852.50,9.5222,1690369200000
983,1852.40,1853.34,1850.81,1850.85,7.1063,1690371000000
984,1850.92,1854.88,1850.04,1854.65,22.0120,1690372800000
985,1854.66,1856.14,1853.83,1855.40,17.4860,1690374600000
986,1855.47,1859.15,1855.43,1857.11,73.1643,1690376400000
987,1856.79,1858.40,1855.06,1858.12,50.6517,1690378200000
988,1858.27,1860.55,1854.92,1859.93,62.8532,1690380000000
989,1860.05,1860.75,1856.70,1857.84,33.6953,1690381800000
990,1857.93,1861.43,1857.93,1859.34,61.6317,1690383600000
991,1859.34,1861.32,1858.96,1860.76,27.9254,1690385400000
992,1860.81,1864.48,1857.90,1858.91,73.8417,1690387200000
993,1858.86,1860.87,1857.97,1859.11,34.5289,1690389000000
994,1859.17,1860.64,1857.22,1858.68,25.8444,1690390800000
995,1858.69,1860.18,1854.98,1857.28,45.2200,1690392600000
996,1857.24,1875.69,1855.18,1864.92,150.2551,1690394400000
997,1864.90,1882.47,1864.31,1871.25,329.4610,1690396200000
998,1871.33,1872.81,1856.72,1871.06,366.0707,1690398000000
999,1871.03,1875.48,1869.91,1873.02,81.7023,1690399800000
1000,1873.07,1885.31,1871.72,1877.31,306.8053,1690401600000
1001,1877.30,1888.38,1877.14,1880.17,475.3527,1690403400000
1002,1880.16,1883.48,1873.81,1875.63,221.8824,1690405200000
1003,1875.34,1878.10,1868.97,1870.75,129.1224,1690407000000
1004,1870.87,1872.86,1867.83,1869.13,110.4908,1690408800000
1005,1869.05,1872.94,1866.45,1872.70,107.9083,1690410600000
1006,1872.70,1876.54,1870.30,1871.51,98.8796,1690412400000
1007,1871.52,1871.95,1866.89,1871.69,147.9457,1690414200000
1008,1871.69,1872.28,1869.61,1871.01,39.7798,1690416000000
1009,1871.04,1872.32,1867.03,1869.73,37.2504,1690417800000
1010,1869.94,1874.22,1869.29,1873.47,65.3668,1690419600000
1011,1873.45,1874.91,1872.02,1874.39,14.4290,1690421400000
1012,1874.59,1877.25,1871.52,1871.62,92.1946,1690423200000
1013,1871.59,1878.32,1871.59,1878.22,20.4084,1690425000000
1014,1878.18,1878.31,1876.57,1877.68,31.7683,1690426800000
1015,1877.65,1879.12,1875.89,1876.11,11.6874,1690428600000
1016,1876.14,1879.10,1876.11,1878.93,22.2947,1690430400000
1017,1878.97,1880.28,1878.29,1880.17,25.0657,1690432200000
1018,1880.22,1882.39,1879.15,1879.87,55.0068,1690434000000
1019,1879.92,1880.74,1877.66,1878.29,68.0343,1690435800000
1020,1878.31,1878.78,1876.67,1876.72,69.1980,1690437600000
1021,1876.72,1877.16,1873.31,1873.70,77.0513,1690439400000
1022,1873.52,1877.08,1873.51,1876.20,15.4229,1690441200000
1023,1876.18,1877.58,1867.68,1871.77,262.9043,1690443000000
1024,1871.89,1873.43,1869.38,1873.34,34.9002,1690444800000
1025,1873.40,1879.29,1871.72,1879.03,164.3210,1690446600000
1026,1879.04,1883.90,1878.07,1882.81,73.7841,1690448400000
1027,1882.98,1886.23,1881.98,1883.76,77.9029,1690450200000
1028,1883.79,1884.80,1879.51,1880.48,76.9919,1690452000000
1029,1880.48,1881.01,1877.07,1877.52,44.3185,1690453800000
1030,1877.63,1878.96,1875.88,1876.11,6.7672,1690455600000
1031,1875.86,1878.30,1875.57,1876.69,8.1404,1690457400000
1032,1876.69,1876.72,1874.91,1874.91,19.6216,1690459200000
1033,1874.90,1878.25,1873.88,1877.69,28.6433,1690461000000
1034,1877.88,1878.42,1874.71,1875.09,11.8503,1690462800000
1035,1875.07,1877.63,1872.83,1873.98,114.5281,1690464600000
1036,1874.29,1875.40,1870.01,1871.52,57.4110,1690466400000
1037,1871.47,1872.63,1868.37,1870.00,36.3969,1690468200000
1038,1869.90,1869.98,1863.91,1868.81,139.5231,1690470000000
1039,1868.80,1872.95,1867.27,1868.51,64.9207,1690471800000
1040,1868.86,1869.35,1866.04,1867.11,51.1984,1690473600000
1041,1867.15,1869.42,1866.59,1867.29,53.3373,1690475400000
1042,1867.31,1869.02,1863.00,1867.60,290.2118,1690477200000
1043,1867.74,1868.00,1864.42,1865.54,37.4609,1690479000000
1044,1865.80,1866.75,1858.91,1861.26,149.3605,1690480800000
1045,1861.21,1863.74,1855.26,1859.57,154.5030,1690482600000
1046,1859.56,1862.93,1858.65,1860.09,74.2844,1690484400000
1047,1860.04,1861.24,1855.11,1861.04,77.6814,1690486200000
1048,1861.05,1862.60,1860.07,1861.22,88.7547,1690488000000
1049,1861.23,1861.48,1858.55,1858.91,38.8509,1690489800000
1050,1858.96,1859.60,1857.25,1859.09,73.3760,1690491600000
1051,1858.98,1861.91,1858.98,1859.37,59.7395,1690493400000
1052,1859.32,1862.39,1859.32,1859.87,87.0434,1690495200000
1053,1859.89,1860.14,1856.66,1856.75,39.6914,1690497000000
1054,1856.65,1858.44,1854.85,1858.44,59.4126,1690498800000
1055,1858.49,1861.72,1858.49,1861.33,50.2301,1690500600000
1056,1861.36,1863.07,1860.95,1862.50,21.1938,1690502400000
1057,1862.51,1864.93,1861.51,1862.31,63.8100,1690504200000
1058,1862.30,1863.00,1860.66,1862.41,21.4532,1690506000000
1059,1862.46,1864.72,1861.91,1863.81,22.9121,1690507800000
1060,1863.82,1864.43,1861.52,1862.60,70.9479,1690509600000
1061,1862.58,1862.58,1860.17,1862.56,70.6928,1690511400000
1062,1862.57,1863.63,1861.79,1863.03,24.1316,1690513200000
1063,1863.07,1865.25,1860.30,1863.03,34.7411,1690515000000
1064,1863.04,1864.23,1861.02,1862.58,69.5321,1690516800000
1065,1862.67,1864.73,1862.67,1864.11,30.1181,1690518600000
1066,1864.10,1864.10,1862.42,1862.42,20.1072,1690520400000
1067,1862.42,1862.86,1856.77,1858.91,17.3402,1690522200000
1068,1858.94,1861.10,1857.26,1860.17,37.7934,1690524000000
1069,1860.16,1861.22,1859.55,1860.05,8.4411,1690525800000
1070,1860.06,1863.28,1859.81,1863.26,26.7838,1690527600000
1071,1863.29,1863.65,1859.40,1859.54,32.5854,1690529400000
1072,1859.54,1863.10,1859.29,1862.56,7.7817,1690531200000
1073,1862.59,1863.64,1861.36,1862.80,23.3967,1690533000000
1074,1862.89,1864.70,1861.97,1863.75,29.5047,1690534800000
1075,1863.71,1869.03,1863.71,1868.07,37.7581,1690536600000
1076,1868.12,1869.02,1866.74,1866.88,15.5251,1690538400000
1077,1866.86,1868.35,1865.81,1866.56,3.5293,1690540200000
1078,1866.56,1866.98,1865.31,1866.87,12.5299,1690542000000
1079,1866.92,1868.40,1866.59,1866.81,12.7692,1690543800000
1080,1866.80,1872.16,1866.80,1872.06,7.3167,1690545600000
1081,1872.13,1873.55,1869.93,1872.39,13.4532,1690547400000
1082,1872.39,1873.10,1869.21,1869.87,7.9676,1690549200000
1083,1869.85,1872.11,1868.07,1870.80,19.2110,1690551000000
1084,1871.02,1879.39,1871.02,1879.01,103.6018,1690552800000
1085,1879.02,1883.31,1876.00,1878.55,86.4114,1690554600000
1086,1878.57,1881.06,1877.02,1879.22,22.7597,1690556400000
1087,1879.22,1879.27,1873.77,1875.22,43.3399,1690558200000
1088,1875.26,1877.47,1873.70,1877.47,16.6056,1690560000000
1089,1877.48,1879.43,1876.36,1877.09,25.2813,1690561800000
1090,1877.10,1877.10,1871.52,1872.64,51.5463,1690563600000
1091,1872.39,1872.46,1865.95,1870.88,159.3929,1690565400000
1092,1870.93,1873.20,1870.52,1872.84,34.3226,1690567200000
1093,1872.97,1876.39,1872.80,1875.83,49.5836,1690569000000
1094,1875.86,1876.99,1874.23,1874.51,74.2188,1690570800000
1095,1874.23,1874.91,1873.14,1874.22,48.9691,1690572600000
1096,1874.14,1875.55,1872.63,1875.02,17.9412,1690574400000
1097,1875.03,1876.72,1875.03,1876.43,20.0301,1690576200000
1098,1876.35,1877.48,1874.75,1877.48,11.9955,1690578000000
1099,1877.53,1877.60,1875.62,1876.38,18.5665,1690579800000
1100,1876.40,1876.80,1875.69,1876.10,52.4031,1690581600000
1101,1876.08,1876.46,1875.45,1875.85,30.9230,1690583400000
1102,1875.88,1876.13,1875.06,1875.86,14.2548,1690585200000
1103,1875.82,1875.82,1874.15,1874.16,17.6406,1690587000000
1104,1874.15,1876.57,1873.17,1875.80,122.6317,1690588800000
1105,1875.80,1876.48,1874.49,1874.55,15.7878,1690590600000
1106,1874.56,1874.66,1873.15,1873.74,6.5987,1690592400000
1107,1873.79,1876.89,1873.79,1875.87,4.8928,1690594200000
1108,1875.88,1876.16,1872.78,1873.82,24.4490,1690596000000
1109,1873.82,1875.24,1873.82,1874.85,6.2405,1690597800000
1110,1874.85,1875.59,1874.31,1874.38,8.6017,1690599600000
1111,1874.39,1874.40,1872.97,1873.45,5.1365,1690601400000
1112,1873.46,1876.91,1873.09,1876.78,11.8778,1690603200000
1113,1876.80,1877.33,1876.46,1876.58,0.2155,1690605000000
1114,1876.45,1876.57,1873.87,1873.87,0.2242,1690606800000
1115,1873.86,1874.66,1873.41,1874.53,4.3861,1690608600000
1116,1874.65,1874.65,1872.72,1873.51,8.5855,1690610400000
1117,1873.44,1873.82,1872.59,1873.65,6.6238,1690612200000
1118,1873.74,1873.89,1872.81,1873.00,10.6728,1690614000000
1119,1873.03,1873.37,1871.25,1872.08,24.5837,1690615800000
1120,1872.08,1873.61,1872.05,1873.31,10.6323,1690617600000
1121,1873.30,1873.30,1869.70,1872.01,7.9277,1690619400000
1122,1871.96,1872.96,1871.24,1872.88,3.5248,1690621200000
1123,1872.79,1872.86,1869.81,1870.74,7.3520,1690623000000
1124,1870.74,1871.74,1869.57,1871.69,8.7261,1690624800000
1125,1871.60,1871.64,1870.53,1870.54,0.4671,1690626600000
1126,1870.54,1873.26,1870.14,1872.64,21.8329,1690628400000
1127,1872.54,1872.61,1870.33,1870.35,16.4280,1690630200000
1128,1870.34,1874.35,1870.29,1874.35,21.5696,1690632000000
1129,1874.46,1874.75,1871.42,1872.52,5.7250,1690633800000
1130,1872.57,1876.04,1872.57,1874.18,55.4596,1690635600000
1131,1874.20,1874.36,1872.88,1872.89,1.5719,1690637400000
1132,1872.90,1874.32,1872.88,1873.68,3.0268,1690639200000
1133,1873.68,1874.01,1872.34,1872.50,5.3301,1690641000000
1134,1872.55,1873.50,1871.95,1872.70,13.6220,1690642800000
1135,1872.71,1873.41,1872.01,1872.75,2.4688,1690644600000
1136,1872.76,1872.94,1871.19,1871.79,3.5907,1690646400000
1137,1871.78,1873.49,1871.77,1873.41,6.6644,1690648200000
1138,1873.50,1873.87,1872.93,1873.46,5.8014,1690650000000
1139,1873.46,1877.87,1873.46,1876.65,15.1707,1690651800000
1140,1876.66,1877.60,1873.48,1874.36,53.8382,1690653600000
1141,1874.38,1875.19,1874.22,1875.01,20.0426,1690655400000
1142,1875.02,1879.42,1875.02,1878.72,16.5445,1690657200000
1143,1878.78,1879.03,1876.52,1877.99,1.6995,1690659000000
1144,1878.08,1886.89,1878.08,1884.54,37.5357,1690660800000
1145,1884.54,1885.95,1883.21,1883.80,20.0885,1690662600000
1146,1883.81,1885.67,1882.31,1882.62,12.7475,1690664400000
1147,1882.74,1882.82,1880.94,1881.66,2.9408,1690666200000
1148,1881.71,1882.66,1881.12,1881.12,3.9506,1690668000000
1149,1881.23,1881.41,1879.75,1879.75,3.1515,1690669800000
1150,1879.74,1880.83,1879.53,1880.02,4.2751,1690671600000
1151,1880.00,1882.05,1880.00,1880.51,16.1637,1690673400000
1152,1880.67,1881.34,1878.80,1878.89,14.0990,1690675200000
1153,1878.90,1881.52,1878.70,1881.37,3.9963,1690677000000
1154,1881.51,1881.58,1878.65,1879.50,2.9093,1690678800000
1155,1879.51,1879.53,1877.21,1877.69,24.6364,1690680600000
1156,1877.70,1878.71,1877.17,1877.47,9.1288,1690682400000
1157,1877.53,1878.29,1877.36,1877.69,1.9074,1690684200000
1158,1877.70,1879.01,1877.55,1878.86,0.9628,1690686000000
1159,1878.81,1878.81,1877.96,1878.41,1.7861,1690687800000
1160,1878.40,1878.70,1878.04,1878.70,1.7164,1690689600000
1161,1878.70,1879.43,1878.67,1878.80,5.2027,1690691400000
1162,1878.99,1878.99,1876.18,1877.18,9.5670,1690693200000
1163,1877.17,1877.48,1876.31,1876.95,7.0718,1690695000000
1164,1876.95,1876.95,1874.21,1874.30,3.7318,1690696800000
1165,1874.20,1875.51,1873.91,1875.38,5.4132,1690698600000
1166,1875.38,1875.72,1873.85,1873.99,9.8805,1690700400000
1167,1873.83,1875.61,1873.83,1875.22,9.7121,1690702200000
1168,1875.23,1875.23,1874.11,1874.68,22.7820,1690704000000
1169,1874.68,1875.43,1874.68,1875.24,9.3494,1690705800000
1170,1875.24,1875.24,1872.74,1874.71,10.4081,1690707600000
1171,1874.71,1874.71,1873.11,1873.71,11.0481,1690709400000
1172,1873.61,1875.42,1873.61,1875.23,7.4630,1690711200000
1173,1875.22,1875.22,1872.74,1874.46,6.4165,1690713000000
1174,1874.52,1876.71,1874.10,1874.17,3.8596,1690714800000
1175,1874.10,1876.29,1874.00,1876.04,3.2119,1690716600000
1176,1876.04,1877.05,1875.14,1877.05,3.7885,1690718400000
1177,1877.03,1877.69,1876.71,1876.87,2.7523,1690720200000
1178,1876.88,1877.11,1875.05,1875.06,2.5163,1690722000000
1179,1875.05,1875.05,1871.51,1872.79,6.3006,1690723800000
1180,1872.80,1876.23,1872.80,1875.74,2.9543,1690725600000
1181,1875.49,1882.45,1874.13,1880.12,56.9534,1690727400000
1182,1880.12,1885.00,1880.11,1881.20,63.4598,1690729200000
1183,1881.30,1882.04,1874.12,1876.42,46.2509,1690731000000
1184,1876.43,1878.76,1875.53,1877.40,20.5232,1690732800000
1185,1877.30,1877.56,1874.11,1876.95,18.7590,1690734600000
1186,1876.85,1876.85,1874.36,1875.79,12.9340,1690736400000
1187,1875.79,1878.64,1875.61,1878.52,2.5109,1690738200000
1188,1878.52,1878.69,1876.36,1876.36,6.3118,1690740000000
1189,1876.35,1877.14,1875.73,1877.13,5.8938,1690741800000
1190,1877.13,1878.64,1877.13,1878.64,12.6153,1690743600000
1191,1878.64,1878.64,1858.07,1862.40,471.9308,1690745400000
1192,1862.39,1862.39,1849.18,1855.94,521.1070,1690747200000
1193,1855.83,1865.88,1854.85,1865.48,92.0366,1690749000000
1194,1865.53,1865.64,1858.70,1858.70,28.4060,1690750800000
1195,1858.61,1863.03,1857.58,1861.92,60.0236,1690752600000
1196,1861.77,1861.90,1857.19,1857.52,36.1362,1690754400000
1197,1857.44,1858.27,1855.20,1856.15,31.9235,1690756200000
1198,1855.88,1862.34,1855.79,1862.08,45.3945,1690758000000
1199,1862.26,1863.38,1861.21,1861.77,13.8322,1690759800000
1200,1861.57,1864.15,1861.02,1863.16,14.4837,1690761600000
1201,1863.15,1877.03,1862.57,1872.97,44.1629,1690763400000
1202,1873.04,1874.68,1867.92,1870.42,8.6569,1690765200000
1203,1870.31,1872.83,1869.46,1872.83,33.1538,1690767000000
1204,1872.90,1873.55,1870.33,1873.31,6.2286,1690768800000
1205,1873.31,1875.14,1870.13,1870.45,6.2837,1690770600000
1206,1870.45,1870.62,1869.27,1869.99,1.7447,1690772400000
1207,1870.07,1870.47,1867.67,1868.80,51.3754,1690774200000
1208,1868.90,1870.00,1866.57,1866.86,18.0909,1690776000000
1209,1866.78,1866.78,1862.83,1864.01,35.5719,1690777800000
1210,1863.92,1865.71,1862.95,1864.98,10.1987,1690779600000
1211,1864.92,1865.71,1863.77,1863.82,17.6226,1690781400000
1212,1863.96,1866.86,1863.38,1866.72,13.6852,1690783200000
1213,1866.62,1866.95,1865.66,1866.90,11.4577,1690785000000
1214,1866.87,1867.57,1865.95,1867.56,8.3555,1690786800000
1215,1867.53,1867.87,1865.22,1865.22,3.8461,1690788600000
1216,1865.23,1869.07,1864.91,1868.96,34.2342,1690790400000
1217,1868.97,1869.06,1867.40,1868.67,11.2168,1690792200000
1218,1868.74,1868.83,1866.08,1866.63,14.0905,1690794000000
1219,1866.63,1868.08,1865.52,1867.99,35.3796,1690795800000
1220,1867.99,1869.89,1867.98,1869.36,11.7531,1690797600000
1221,1869.35,1869.40,1867.80,1868.37,2.3581,1690799400000
1222,1868.47,1869.81,1868.45,1868.45,11.7799,1690801200000
1223,1868.46,1868.84,1867.39,1867.66,6.8124,1690803000000
1224,1867.67,1868.37,1867.40,1868.37,1.7090,1690804800000
1225,1868.36,1872.69,1868.36,1872.53,18.6509,1690806600000
1226,1872.53,1873.06,1870.01,1870.19,33.4589,1690808400000
1227,1870.10,1871.28,1863.08,1864.13,71.0945,1690810200000
1228,1864.13,1865.53,1860.81,1862.74,60.4586,1690812000000
1229,1862.74,1864.32,1860.42,1861.38,97.3618,1690813800000
1230,1861.33,1862.28,1858.58,1859.53,44.4478,1690815600000
1231,1859.56,1860.31,1856.87,1857.22,90.8431,1690817400000
1232,1857.34,1860.56,1854.12,1860.35,138.6382,1690819200000
1233,1860.26,1861.68,1859.75,1859.94,19.9440,1690821000000
1234,1859.93,1860.34,1856.29,1857.45,12.3242,1690822800000
1235,1857.44,1863.16,1856.93,1862.14,19.6110,1690824600000
1236,1862.31,1862.39,1857.61,1860.24,4.4287,1690826400000
1237,1860.25,1862.60,1859.86,1860.92,17.2023,1690828200000
1238,1860.92,1861.04,1858.60,1860.40,16.3959,1690830000000
1239,1860.53,1861.65,1854.98,1856.55,75.0462,1690831800000
1240,1856.55,1860.14,1852.76,1859.99,90.1804,1690833600000
1241,1860.08,1860.57,1852.07,1853.69,73.4039,1690835400000
1242,1853.69,1858.99,1851.41,1855.15,64.6915,1690837200000
1243,1854.98,1857.85,1854.56,1857.15,29.5362,1690839000000
1244,1857.15,1857.90,1855.24,1856.99,55.1523,1690840800000
1245,1856.98,1857.06,1855.24,1856.70,15.6888,1690842600000
1246,1856.69,1856.87,1855.50,1855.58,18.9481,1690844400000
1247,1855.50,1858.08,1855.50,1856.25,23.2665,1690846200000
1248,1856.25,1858.95,1854.81,1858.75,80.6241,1690848000000
1249,1858.75,1862.35,1858.75,1861.75,48.9705,1690849800000
1250,1861.75,1864.41,1858.01,1858.01,38.0929,1690851600000
1251,1858.01,1858.10,1851.85,1852.79,71.9216,1690853400000
1252,1852.79,1854.02,1814.01,1827.02,1615.4940,1690855200000
1253,1826.92,1831.20,1825.66,1829.32,173.0638,1690857000000
1254,1829.31,1829.65,1826.64,1826.96,129.8454,1690858800000
1255,1826.95,1828.00,1825.60,1826.84,97.3011,1690860600000
1256,1826.70,1826.70,1821.95,1823.70,153.4351,1690862400000
1257,1823.70,1827.82,1823.00,1825.46,35.9996,1690864200000
1258,1825.37,1827.12,1825.01,1826.52,22.1841,1690866000000
1259,1826.54,1829.93,1825.96,1829.91,20.1423,1690867800000
1260,1829.91,1831.46,1827.88,1831.46,13.4277,1690869600000
1261,1831.48,1836.00,1831.48,1832.14,58.0218,1690871400000
1262,1832.16,1832.66,1829.30,1832.34,36.4033,1690873200000
1263,1832.26,1834.98,1832.11,1834.24,15.4908,1690875000000
1264,1834.24,1836.71,1833.04,1836.26,22.3330,1690876800000
1265,1836.09,1837.08,1834.00,1837.08,41.8875,1690878600000
1266,1837.18,1837.26,1832.68,1832.98,26.7048,1690880400000
1267,1832.98,1833.81,1832.04,1832.80,13.1226,1690882200000
1268,1832.78,1833.39,1831.96,1831.96,6.3704,1690884000000
1269,1831.96,1835.38,1831.96,1834.40,9.9443,1690885800000
1270,1834.40,1835.07,1832.76,1832.76,29.6490,1690887600000
1271,1832.76,1832.76,1830.36,1830.74,5.3465,1690889400000
1272,1830.74,1831.70,1828.55,1828.99,26.7079,1690891200000
1273,1828.98,1836.22,1827.27,1832.09,51.9678,1690893000000
1274,1832.08,1835.44,1831.55,1835.44,39.9417,1690894800000
1275,1835.50,1835.94,1832.59,1833.82,41.9898,1690896600000
1276,1833.74,1835.61,1831.60,1834.17,42.2250,1690898400000
1277,1834.16,1835.02,1825.90,1827.79,66.2543,1690900200000
1278,1827.69,1830.19,1824.96,1827.61,86.0582,1690902000000
1279,1827.44,1836.70,1813.60,1834.73,558.7855,1690903800000
1280,1834.78,1841.85,1831.68,1832.77,108.4529,1690905600000
1281,1832.67,1833.99,1829.76,1833.98,26.9816,1690907400000
1282,1834.08,1837.49,1833.91,1835.77,10.4730,1690909200000
1283,1835.77,1837.77,1834.70,1837.40,13.1798,1690911000000
1284,1837.40,1846.16,1837.40,1842.00,46.0032,1690912800000
1285,1842.10,1853.61,1842.10,1852.86,233.6394,1690914600000
1286,1852.96,1857.49,1850.29,1850.38,98.9905,1690916400000
1287,1850.32,1851.79,1848.44,1851.13,12.3286,1690918200000
1288,1851.15,1853.70,1848.04,1848.43,35.0573,1690920000000
1289,1848.43,1851.97,1848.43,1850.88,7.3157,1690921800000
1290,1850.88,1851.70,1849.60,1851.16,23.2400,1690923600000
1291,1851.30,1852.32,1847.97,1849.86,50.9730,1690925400000
1292,1849.86,1850.29,1847.02,1850.10,37.0956,1690927200000
1293,1850.14,1851.75,1848.29,1851.41,57.1790,1690929000000
1294,1851.34,1869.44,1851.34,1867.20,220.1864,1690930800000
1295,1867.09,1875.64,1865.48,1873.72,480.1492,1690932600000
1296,1873.87,1878.76,1869.65,1872.47,198.5851,1690934400000
1297,1872.54,1873.64,1867.80,1870.55,66.8116,1690936200000
1298,1870.56,1876.90,1868.41,1876.90,209.5234,1690938000000
1299,1876.93,1880.25,1869.40,1869.58,124.3626,1690939800000
1300,1869.59,1870.36,1866.68,1868.56,42.9368,1690941600000
1301,1868.56,1869.53,1867.40,1867.73,6.3831,1690943400000
1302,1867.73,1867.73,1864.54,1864.55,17.2276,1690945200000
1303,1864.55,1866.14,1863.06,1863.08,41.1831,1690947000000
1304,1863.11,1864.38,1860.93,1864.11,11.0033,1690948800000
1305,1864.06,1864.90,1862.56,1863.22,4.3405,1690950600000
1306,1863.21,1863.21,1860.37,1860.38,6.8452,1690952400000
1307,1860.37,1862.86,1859.44,1862.39,36.2891,1690954200000
1308,1862.40,1864.04,1860.98,1861.72,15.3015,1690956000000
1309,1861.81,1861.96,1857.71,1858.17,11.2254,1690957800000
1310,1857.71,1861.87,1857.67,1860.22,86.0092,1690959600000
1311,1860.24,1860.64,1856.23,1857.14,23.2526,1690961400000
1312,1857.18,1858.23,1853.96,1856.00,90.8278,1690963200000
1313,1855.92,1858.23,1853.96,1857.84,123.7645,1690965000000
1314,1857.85,1860.31,1857.85,1859.79,35.2008,1690966800000
1315,1859.70,1859.70,1854.65,1854.82,29.3243,1690968600000
1316,1854.82,1856.69,1854.30,1856.69,24.6289,1690970400000
1317,1856.66,1858.49,1856.23,1858.44,13.7157,1690972200000
1318,1858.50,1859.89,1858.02,1858.67,12.5451,1690974000000
1319,1858.68,1860.83,1858.67,1859.68,26.9541,1690975800000
1320,1859.69,1860.76,1856.60,1857.55,10.6987,1690977600000
1321,1857.59,1857.61,1854.37,1854.47,7.9322,1690979400000
1322,1854.46,1854.46,1851.68,1852.43,7.9953,1690981200000
1323,1852.43,1855.53,1850.33,1852.86,53.3824,1690983000000
1324,1852.73,1852.73,1842.29,1842.93,214.4394,1690984800000
1325,1842.76,1846.14,1841.15,1842.11,107.5903,1690986600000
1326,1842.03,1842.83,1834.64,1839.94,34.9630,1690988400000
1327,1839.94,1843.90,1839.50,1842.68,12.0284,1690990200000
1328,1842.67,1844.24,1839.61,1839.62,46.9518,1690992000000
1329,1839.72,1846.93,1821.69,1829.08,629.5769,1690993800000
1330,1829.08,1836.71,1825.94,1834.67,48.8349,1690995600000
1331,1834.67,1838.91,1830.29,1831.84,41.4272,1690997400000
1332,1831.76,1834.83,1831.19,1833.02,24.0772,1690999200000
1333,1833.11,1833.80,1830.11,1833.80,30.6863,1691001000000
1334,1833.77,1840.12,1833.49,1840.00,15.6709,1691002800000
1335,1840.00,1843.45,1838.22,1842.27,56.5510,1691004600000
1336,1842.01,1843.44,1841.34,1843.15,4.4852,1691006400000
1337,1843.16,1844.44,1842.01,1842.18,4.5097,1691008200000
1338,1842.18,1844.35,1838.75,1844.35,22.6753,1691010000000
1339,1844.34,1844.52,1842.76,1843.62,37.6846,1691011800000
1340,1843.63,1845.69,1842.94,1845.30,14.2957,1691013600000
1341,1845.29,1845.73,1842.54,1842.86,2.5626,1691015400000
1342,1842.85,1842.85,1839.15,1840.78,2.7831,1691017200000
1343,1840.88,1840.88,1837.82,1840.26,3.7989,1691019000000
1344,1840.26,1842.73,1839.26,1841.72,3.7591,1691020800000
1345,1841.72,1843.11,1839.30,1839.41,31.4500,1691022600000
1346,1839.41,1841.99,1837.72,1840.09,18.7021,1691024400000
1347,1840.10,1846.24,1840.10,1845.11,32.9441,1691026200000
1348,1845.11,1846.35,1839.69,1839.69,29.8756,1691028000000
1349,1839.69,1841.50,1838.13,1841.50,57.0600,1691029800000
1350,1841.51,1841.60,1839.77,1841.45,18.7555,1691031600000
1351,1841.45,1841.49,1839.39,1840.43,6.4733,1691033400000
1352,1840.44,1840.68,1838.58,1838.58,15.8173,1691035200000
1353,1838.53,1838.53,1834.46,1837.25,67.5212,1691037000000
1354,1837.25,1837.72,1834.88,1836.09,6.8806,1691038800000
1355,1836.10,1839.34,1835.74,1838.60,2.8787,1691040600000
1356,1838.61,1840.57,1838.24,1838.91,7.4451,1691042400000
1357,1838.83,1838.83,1832.27,1835.31,29.8852,1691044200000
1358,1835.30,1836.49,1831.91,1833.61,33.4614,1691046000000
1359,1833.62,1834.91,1832.18,1832.46,13.6291,1691047800000
1360,1832.37,1834.19,1826.33,1831.27,62.3302,1691049600000
1361,1831.27,1833.46,1829.18,1832.62,29.7618,1691051400000
1362,1832.62,1835.11,1832.32,1833.38,8.0741,1691053200000
1363,1833.39,1835.10,1832.63,1834.93,11.3538,1691055000000
1364,1834.93,1836.20,1834.93,1836.20,4.0277,1691056800000
1365,1836.20,1837.77,1836.03,1837.60,3.9884,1691058600000
1366,1837.72,1838.31,1836.48,1836.52,10.3574,1691060400000
1367,1836.58,1838.69,1836.41,1837.83,21.1765,1691062200000
1368,1838.00,1838.41,1835.57,1835.65,8.1967,1691064000000
1369,1835.57,1836.89,1833.99,1834.57,44.7154,1691065800000
1370,1834.57,1838.78,1834.57,1836.73,9.3896,1691067600000
1371,1836.73,1839.97,1835.05,1838.93,18.4530,1691069400000
1372,1838.94,1840.62,1836.48,1838.56,18.9815,1691071200000
1373,1838.48,1848.89,1837.74,1847.38,73.9477,1691073000000
1374,1847.47,1849.55,1838.88,1841.55,50.0046,1691074800000
1375,1841.53,1843.94,1840.70,1840.70,11.2665,1691076600000
1376,1840.70,1846.06,1839.32,1846.06,9.4018,1691078400000
1377,1846.11,1848.86,1844.53,1847.42,54.5793,1691080200000
1378,1847.42,1859.29,1847.41,1853.15,138.6970,1691082000000
1379,1853.15,1853.70,1846.60,1847.14,7.9243,1691083800000
1380,1847.06,1847.06,1841.57,1844.55,12.6003,1691085600000
1381,1844.55,1847.14,1844.44,1847.06,55.6866,1691087400000
1382,1847.05,1847.05,1842.57,1844.08,26.9570,1691089200000
1383,1844.00,1846.50,1843.73,1845.84,22.2922,1691091000000
1384,1845.82,1852.68,1845.51,1852.10,179.7984,1691092800000
1385,1852.11,1853.57,1843.25,1844.17,100.2680,1691094600000
1386,1844.26,1847.12,1843.89,1844.75,48.5669,1691096400000
1387,1844.78,1845.05,1836.35,1840.20,55.8309,1691098200000
1388,1840.23,1840.48,1831.50,1832.78,187.5735,1691100000000
1389,1832.74,1837.88,1832.66,1837.59,37.2445,1691101800000
1390,1837.58,1838.06,1836.41,1837.11,51.2182,1691103600000
1391,1837.10,1838.80,1835.47,1835.78,36.8694,1691105400000
1392,1835.78,1839.07,1833.79,1834.04,67.6858,1691107200000
1393,1834.10,1838.83,1833.37,1838.57,45.1260,1691109000000
1394,1838.56,1838.56,1834.80,1835.42,38.5250,1691110800000
1395,1835.36,1838.14,1834.63,1835.64,31.7365,1691112600000
1396,1835.62,1837.19,1828.68,1833.25,87.9741,1691114400000
1397,1833.28,1835.72,1833.22,1835.01,29.3137,1691116200000
1398,1834.99,1835.61,1832.82,1835.16,24.8330,1691118000000
1399,1835.17,1835.61,1832.44,1834.33,46.2181,1691119800000
1400,1834.34,1835.11,1831.42,1832.67,29.4698,1691121600000
1401,1832.67,1835.54,1831.61,1835.44,20.9357,1691123400000
1402,1835.50,1835.72,1834.33,1835.45,28.8460,1691125200000
1403,1835.44,1837.43,1835.34,1836.26,22.9690,1691127000000
1404,1836.28,1837.20,1835.24,1836.09,18.0048,1691128800000
1405,1836.25,1836.25,1833.03,1833.14,34.0116,1691130600000
1406,1833.15,1833.65,1832.09,1832.56,48.2001,1691132400000
1407,1832.39,1838.45,1831.82,1838.01,45.5414,1691134200000
1408,1838.05,1840.57,1836.88,1837.06,103.8175,1691136000000
1409,1836.96,1837.67,1834.85,1835.17,35.1362,1691137800000
1410,1835.16,1838.63,1834.40,1838.63,19.4697,1691139600000
1411,1838.63,1838.96,1837.16,1838.00,32.3383,1691141400000
1412,1838.01,1838.52,1835.65,1836.28,12.7608,1691143200000
1413,1836.27,1836.27,1834.32,1835.14,29.7284,1691145000000
1414,1835.14,1835.25,1834.32,1835.05,11.6428,1691146800000
1415,1835.04,1836.14,1833.27,1834.63,20.6098,1691148600000
1416,1834.55,1837.20,1833.81,1837.18,21.0566,1691150400000
1417,1837.24,1843.65,1832.08,1839.38,205.0988,1691152200000
1418,1839.44,1842.16,1838.98,1839.58,63.4089,1691154000000
1419,1839.06,1851.39,1838.98,1843.10,167.1411,1691155800000
1420,1843.10,1845.39,1836.73,1844.84,150.3067,1691157600000
1421,1844.86,1849.18,1841.93,1846.78,203.6186,1691159400000
1422,1846.80,1848.46,1844.67,1847.08,63.2840,1691161200000
1423,1847.09,1848.97,1845.75,1847.24,48.4869,1691163000000
1424,1847.30,1848.27,1845.06,1848.05,29.4155,1691164800000
1425,1848.09,1848.09,1844.40,1847.75,28.8412,1691166600000
1426,1847.76,1848.41,1843.45,1844.71,58.1206,1691168400000
1427,1844.56,1844.70,1841.06,1841.07,53.9386,1691170200000
1428,1841.16,1841.16,1831.03,1834.04,237.4500,1691172000000
1429,1834.04,1836.76,1826.86,1832.73,854.5169,1691173800000
1430,1832.69,1834.87,1830.71,1831.99,90.3220,1691175600000
1431,1832.08,1832.95,1828.58,1831.01,78.9006,1691177400000
1432,1831.01,1834.01,1829.57,1833.67,67.1745,1691179200000
1433,1833.67,1834.20,1815.79,1823.00,282.1872,1691181000000
1434,1822.89,1832.89,1822.19,1828.95,292.0906,1691182800000
1435,1828.69,1831.77,1825.51,1829.57,215.2097,1691184600000
1436,1829.55,1831.98,1829.55,1830.82,57.0076,1691186400000
1437,1830.85,1830.97,1828.80,1828.85,41.3549,1691188200000
1438,1828.79,1829.05,1826.65,1827.38,22.2380,1691190000000
1439,1827.30,1830.58,1826.70,1830.17,21.4818,1691191800000
1440,1830.17,1832.08,1829.56,1832.08,76.1893,1691193600000
1441,1832.09,1833.54,1831.84,1831.84,29.7199,1691195400000
1442,1831.93,1832.63,1828.27,1828.95,42.4715,1691197200000
1443,1828.94,1830.80,1827.57,1827.57,102.3472,1691199000000
1444,1827.57,1829.89,1827.39,1828.37,41.2009,1691200800000
1445,1828.37,1831.57,1828.31,1830.83,50.0863,1691202600000
1446,1830.83,1832.08,1830.56,1832.07,29.2333,1691204400000
1447,1832.08,1832.81,1831.18,1832.49,29.6756,1691206200000
1448,1832.81,1832.81,1830.70,1831.24,24.3429,1691208000000
1449,1831.18,1831.19,1828.83,1830.08,28.6948,1691209800000
1450,1830.00,1831.75,1829.28,1831.38,26.9368,1691211600000
1451,1831.68,1834.10,1831.50,1833.62,28.6005,1691213400000
1452,1833.69,1833.76,1831.58,1832.19,18.3845,1691215200000
1453,1832.17,1833.38,1831.80,1831.93,17.4256,1691217000000
1454,1831.96,1832.12,1830.62,1830.63,11.1369,1691218800000
1455,1830.62,1832.26,1830.47,1831.03,12.6453,1691220600000
1456,1831.04,1831.56,1830.04,1830.48,9.5255,1691222400000
1457,1830.63,1833.38,1830.63,1832.88,39.0062,1691224200000
1458,1832.88,1832.91,1832.14,1832.27,9.6906,1691226000000
1459,1832.23,1832.81,1830.65,1830.82,7.2191,1691227800000
1460,1830.85,1833.21,1830.65,1832.69,21.6965,1691229600000
1461,1832.70,1832.95,1830.90,1831.51,14.3195,1691231400000
1462,1831.63,1835.14,1831.62,1833.87,46.2655,1691233200000
1463,1833.87,1833.90,1832.67,1832.67,9.2397,1691235000000
1464,1832.76,1833.21,1831.63,1832.72,29.9125,1691236800000
1465,1832.71,1832.72,1830.35,1830.64,27.9337,1691238600000
1466,1830.66,1832.73,1830.66,1832.19,13.3077,1691240400000
1467,1832.19,1833.11,1831.01,1832.94,10.8333,1691242200000
1468,1832.94,1836.07,1832.94,1834.90,24.7989,1691244000000
1469,1835.00,1836.44,1833.37,1835.51,26.9896,1691245800000
1470,1835.51,1836.72,1831.81,1832.47,37.9531,1691247600000
1471,1832.47,1834.49,1831.46,1833.99,31.8199,1691249400000
1472,1833.92,1834.43,1831.96,1832.32,18.6680,1691251200000
1473,1832.34,1832.37,1830.86,1831.11,33.7477,1691253000000
1474,1831.20,1834.16,1831.02,1834.08,11.4581,1691254800000
1475,1834.16,1834.70,1833.22,1834.21,7.5374,1691256600000
1476,1834.21,1838.02,1833.66,1837.08,35.0697,1691258400000
1477,1837.08,1838.84,1835.68,1837.33,22.8226,1691260200000
1478,1837.40,1838.27,1836.26,1837.54,8.1932,1691262000000
1479,1837.54,1837.54,1835.42,1835.44,12.8284,1691263800000
1480,1835.38,1835.54,1834.90,1835.13,8.6690,1691265600000
1481,1835.10,1835.12,1834.07,1834.37,21.7688,1691267400000
1482,1834.41,1836.43,1834.41,1836.21,12.0585,1691269200000
1483,1836.21,1836.66,1835.24,1835.24,38.0488,1691271000000
1484,1835.15,1835.70,1834.43,1835.15,10.7519,1691272800000
1485,1835.13,1838.44,1835.13,1838.16,19.1018,1691274600000
1486,1838.25,1838.32,1836.98,1837.83,8.8347,1691276400000
1487,1837.78,1837.78,1836.45,1836.50,9.4151,1691278200000
1488,1836.51,1837.14,1835.19,1837.11,27.4610,1691280000000
1489,1837.12,1837.72,1835.70,1836.69,18.4937,1691281800000
1490,1836.70,1837.18,1835.45,1835.45,11.4063,1691283600000
1491,1835.44,1836.34,1833.62,1833.62,14.5503,1691285400000
1492,1833.62,1839.06,1833.11,1837.94,34.5098,1691287200000
1493,1837.94,1837.94,1836.03,1836.28,7.0998,1691289000000
1494,1836.28,1836.45,1835.14,1835.32,14.4511,1691290800000
1495,1835.32,1835.32,1834.08,1834.85,18.0563,1691292600000
1496,1834.92,1835.56,1834.86,1835.52,4.4126,1691294400000
1497,1835.50,1836.04,1835.48,1836.02,9.8139,1691296200000
1498,1836.03,1836.46,1836.03,1836.04,5.3073,1691298000000
1499,1836.04,1836.37,1835.76,1836.37,8.2252,1691299800000
1500,1836.39,1836.79,1833.95,1834.12,23.4399,1691301600000
1501,1834.07,1834.64,1832.48,1834.63,14.8112,1691303400000
1502,1834.63,1834.68,1833.86,1834.33,6.8821,1691305200000
1503,1834.35,1835.37,1833.92,1835.11,8.0204,1691307000000
1504,1835.09,1836.11,1834.18,1835.72,16.2990,1691308800000
1505,1835.81,1837.76,1834.76,1835.71,20.1643,1691310600000
1506,1835.58,1835.58,1830.39,1830.98,80.8651,1691312400000
1507,1830.90,1831.60,1830.47,1831.48,11.4988,1691314200000
1508,1831.50,1831.50,1830.51,1831.08,4.8412,1691316000000
1509,1831.08,1831.33,1827.95,1831.19,26.0435,1691317800000
1510,1831.19,1832.62,1831.03,1832.32,13.3628,1691319600000
1511,1832.32,1833.44,1832.31,1832.39,18.0699,1691321400000
1512,1832.39,1832.86,1830.97,1831.06,4.2400,1691323200000
1513,1831.07,1831.15,1828.93,1829.33,21.8796,1691325000000
1514,1829.32,1831.01,1828.19,1828.69,19.7623,1691326800000
1515,1828.68,1830.51,1828.19,1829.41,23.4551,1691328600000
1516,1829.40,1830.75,1825.85,1830.38,42.4647,1691330400000
1517,1830.29,1831.14,1828.17,1829.80,21.2193,1691332200000
1518,1829.93,1831.12,1829.75,1829.86,16.3130,1691334000000
1519,1829.86,1830.52,1828.70,1829.25,25.4142,1691335800000
1520,1829.31,1830.15,1828.30,1830.15,18.7183,1691337600000
1521,1830.16,1836.10,1830.16,1835.72,50.2710,1691339400000
1522,1835.81,1836.02,1830.67,1831.75,39.9980,1691341200000
1523,1831.70,1834.13,1831.28,1832.81,31.7907,1691343000000
1524,1832.81,1834.36,1832.81,1833.95,17.0339,1691344800000
1525,1833.91,1834.39,1832.79,1832.93,31.2728,1691346600000
1526,1833.06,1833.67,1831.92,1832.24,23.5088,1691348400000
1527,1832.20,1832.28,1831.34,1831.83,14.4679,1691350200000
1528,1831.84,1832.59,1830.81,1831.05,14.1981,1691352000000
1529,1831.05,1833.27,1830.91,1832.43,25.8575,1691353800000
1530,1832.44,1838.10,1832.44,1835.34,88.2735,1691355600000
1531,1835.34,1835.34,1829.12,1830.38,80.1658,1691357400000
1532,1830.45,1834.02,1828.15,1832.74,129.6116,1691359200000
1533,1832.73,1833.47,1829.74,1830.04,22.5797,1691361000000
1534,1830.04,1830.41,1827.75,1829.59,32.8114,1691362800000
1535,1829.55,1830.05,1829.05,1830.04,22.6669,1691364600000
1536,1830.02,1832.02,1829.87,1830.33,15.1326,1691366400000
1537,1830.33,1831.42,1826.41,1829.73,65.8815,1691368200000
1538,1829.73,1843.94,1829.73,1842.18,273.4888,1691370000000
1539,1842.22,1844.20,1838.45,1841.03,112.6026,1691371800000
1540,1841.00,1843.05,1840.16,1842.72,45.4443,1691373600000
1541,1842.72,1845.15,1841.56,1844.22,20.9560,1691375400000
1542,1844.23,1847.33,1841.97,1842.46,59.3493,1691377200000
1543,1842.33,1842.59,1838.50,1838.83,28.8191,1691379000000
1544,1838.84,1841.54,1838.03,1841.53,63.5832,1691380800000
1545,1841.54,1841.72,1840.69,1841.38,9.2473,1691382600000
1546,1841.35,1841.56,1839.46,1840.83,14.9510,1691384400000
1547,1840.84,1842.37,1839.81,1839.81,15.3729,1691386200000
1548,1839.81,1839.81,1834.93,1835.56,43.9461,1691388000000
1549,1835.47,1836.04,1832.37,1832.65,33.3342,1691389800000
1550,1832.64,1836.26,1832.40,1835.48,45.8258,1691391600000
1551,1835.48,1836.84,1834.95,1836.84,22.6892,1691393400000
1552,1836.85,1837.12,1835.36,1835.36,15.6982,1691395200000
1553,1835.37,1835.79,1833.49,1833.50,60.1897,1691397000000
1554,1833.45,1835.25,1832.94,1835.25,28.5299,1691398800000
1555,1835.38,1836.31,1835.16,1835.78,19.3745,1691400600000
1556,1835.78,1835.86,1833.64,1833.88,19.3276,1691402400000
1557,1833.85,1837.25,1833.66,1837.24,29.0745,1691404200000
1558,1837.24,1837.25,1835.28,1835.46,21.7616,1691406000000
1559,1835.39,1835.51,1834.02,1834.13,21.0996,1691407800000
1560,1834.16,1834.16,1832.22,1832.39,30.8957,1691409600000
1561,1832.30,1837.22,1832.07,1833.73,68.3792,1691411400000
1562,1833.55,1835.07,1830.37,1831.35,57.0591,1691413200000
1563,1831.39,1832.27,1828.15,1828.24,75.0263,1691415000000
1564,1828.24,1831.10,1826.86,1827.80,84.2525,1691416800000
1565,1827.79,1832.93,1826.60,1830.10,108.1619,1691418600000
1566,1830.01,1830.37,1820.66,1823.48,120.0062,1691420400000
1567,1823.48,1824.09,1813.85,1818.36,277.8875,1691422200000
1568,1818.49,1819.54,1802.44,1817.25,845.3937,1691424000000
1569,1817.25,1818.23,1811.38,1815.71,143.9991,1691425800000
1570,1815.76,1819.05,1806.10,1808.80,313.1449,1691427600000
1571,1809.32,1815.04,1806.54,1814.95,211.1324,1691429400000
1572,1814.95,1831.63,1813.81,1827.78,305.7436,1691431200000
1573,1827.83,1828.74,1821.76,1821.82,64.0598,1691433000000
1574,1821.84,1822.09,1817.65,1818.00,44.4183,1691434800000
1575,1817.99,1825.25,1817.99,1825.11,24.4440,1691436600000
1576,1825.20,1826.61,1823.12,1825.26,51.7773,1691438400000
1577,1825.27,1827.81,1824.82,1827.68,37.3296,1691440200000
1578,1827.65,1830.78,1824.60,1830.30,44.9508,1691442000000
1579,1830.30,1830.30,1824.73,1826.32,50.5511,1691443800000
1580,1826.32,1826.56,1825.22,1825.81,31.8086,1691445600000
1581,1825.82,1828.63,1825.74,1827.95,28.2139,1691447400000
1582,1827.89,1829.54,1826.36,1827.19,42.3472,1691449200000
1583,1827.26,1829.36,1826.48,1829.21,10.9401,1691451000000
1584,1829.26,1831.18,1828.34,1829.21,38.3421,1691452800000
1585,1829.21,1835.51,1827.96,1835.13,78.1534,1691454600000
1586,1835.39,1835.39,1828.88,1829.33,60.9890,1691456400000
1587,1829.33,1829.33,1826.88,1826.88,42.4629,1691458200000
1588,1826.88,1829.33,1826.34,1828.86,47.7683,1691460000000
1589,1828.95,1830.86,1828.95,1829.11,19.5628,1691461800000
1590,1829.19,1830.33,1828.33,1829.64,21.0078,1691463600000
1591,1829.67,1830.63,1828.95,1829.85,43.8876,1691465400000
1592,1829.85,1831.44,1829.74,1831.43,42.8633,1691467200000
1593,1831.44,1833.40,1831.43,1833.25,21.5525,1691469000000
1594,1833.35,1836.85,1833.32,1836.32,39.7490,1691470800000
1595,1836.32,1838.80,1834.49,1835.05,109.4126,1691472600000
1596,1834.97,1836.50,1834.91,1835.49,34.4785,1691474400000
1597,1835.47,1837.16,1832.81,1833.38,40.4415,1691476200000
1598,1833.26,1833.69,1832.03,1832.98,22.4707,1691478000000
1599,1832.97,1832.97,1829.96,1830.33,37.2854,1691479800000
1600,1830.49,1831.79,1830.11,1831.36,28.2736,1691481600000
1601,1831.37,1831.55,1830.14,1830.14,12.9117,1691483400000
1602,1830.12,1831.30,1829.95,1830.56,15.4736,1691485200000
1603,1830.57,1831.50,1830.18,1830.90,17.4366,1691487000000
1604,1830.89,1831.29,1830.31,1830.55,13.9448,1691488800000
1605,1830.53,1834.39,1830.52,1834.28,25.6547,1691490600000
1606,1834.30,1836.10,1832.74,1835.37,43.5903,1691492400000
1607,1835.37,1839.20,1833.86,1839.07,85.4457,1691494200000
1608,1839.08,1840.42,1835.36,1838.35,71.3307,1691496000000
1609,1838.35,1845.62,1836.65,1845.20,145.4863,1691497800000
1610,1845.28,1848.59,1840.96,1842.04,220.9847,1691499600000
1611,1842.08,1843.25,1835.59,1835.73,166.7678,1691501400000
1612,1835.82,1839.69,1835.75,1839.69,62.5653,1691503200000
1613,1839.66,1843.16,1838.56,1838.65,56.5396,1691505000000
1614,1838.57,1843.22,1838.57,1842.78,49.1427,1691506800000
1615,1842.65,1845.50,1842.13,1843.75,45.6824,1691508600000
1616,1843.64,1847.16,1843.54,1846.08,79.4853,1691510400000
1617,1846.08,1858.90,1846.08,1854.11,379.8580,1691512200000
1618,1854.12,1857.50,1851.01,1853.50,203.3252,1691514000000
1619,1853.51,1855.00,1851.49,1853.58,84.0891,1691515800000
1620,1853.58,1871.55,1853.12,1867.43,333.8791,1691517600000
1621,1867.46,1869.49,1852.93,1858.68,452.7456,1691519400000
1622,1858.70,1864.43,1858.53,1862.20,194.7167,1691521200000
1623,1862.21,1862.79,1858.86,1859.18,121.8361,1691523000000
1624,1859.18,1863.09,1856.65,1863.09,80.7013,1691524800000
1625,1863.09,1864.53,1860.01,1863.03,121.5413,1691526600000
1626,1863.03,1876.41,1863.03,1864.63,218.6564,1691528400000
1627,1864.47,1866.93,1860.71,1862.03,85.0569,1691530200000
1628,1862.04,1863.68,1858.05,1858.96,106.5175,1691532000000
1629,1858.99,1859.44,1854.72,1857.40,66.5803,1691533800000
1630,1857.42,1859.86,1857.42,1859.29,19.4256,1691535600000
1631,1859.29,1859.60,1855.79,1856.28,24.7213,1691537400000
1632,1856.28,1858.79,1855.85,1858.50,45.1722,1691539200000
1633,1858.51,1860.70,1854.94,1855.03,56.8224,1691541000000
1634,1855.03,1860.59,1853.17,1859.86,61.8804,1691542800000
1635,1859.86,1860.68,1858.11,1858.73,49.4679,1691544600000
1636,1858.79,1859.18,1853.50,1853.81,32.1582,1691546400000
1637,1853.68,1855.84,1852.38,1853.44,70.9062,1691548200000
1638,1853.35,1855.49,1852.95,1854.17,17.7693,1691550000000
1639,1854.16,1854.94,1853.33,1854.74,26.1689,1691551800000
1640,1854.79,1855.34,1853.58,1855.34,18.8657,1691553600000
1641,1855.35,1857.06,1855.35,1856.94,21.9166,1691555400000
1642,1856.93,1858.44,1856.15,1858.44,22.7479,1691557200000
1643,1858.44,1858.80,1856.12,1857.51,24.3275,1691559000000
1644,1857.53,1857.98,1854.37,1854.40,47.8991,1691560800000
1645,1854.50,1858.17,1854.29,1857.81,58.1832,1691562600000
1646,1857.81,1860.01,1857.66,1860.01,31.5475,1691564400000
1647,1859.93,1863.27,1859.22,1861.28,33.7176,1691566200000
1648,1861.24,1864.31,1860.92,1861.45,40.3940,1691568000000
1649,1861.36,1862.57,1859.93,1862.13,19.5443,1691569800000
1650,1862.12,1862.43,1860.18,1860.67,22.6543,1691571600000
1651,1860.58,1861.31,1859.15,1859.32,20.5008,1691573400000
1652,1859.37,1860.81,1859.16,1860.29,5.2216,1691575200000
1653,1860.30,1866.25,1858.21,1864.43,104.9812,1691577000000
1654,1864.43,1864.84,1860.47,1860.47,79.7391,1691578800000
1655,1860.46,1863.84,1859.31,1862.94,32.1519,1691580600000
1656,1862.92,1863.85,1860.27,1861.50,35.6222,1691582400000
1657,1861.50,1869.99,1861.50,1869.24,155.7132,1691584200000
1658,1869.24,1871.67,1864.47,1864.95,174.2468,1691586000000
1659,1864.99,1865.67,1860.33,1860.54,88.6910,1691587800000
1660,1860.55,1863.65,1857.81,1860.43,78.5585,1691589600000
1661,1860.43,1863.84,1853.37,1853.37,95.0418,1691591400000
1662,1853.34,1855.06,1851.70,1853.88,126.0344,1691593200000
1663,1853.91,1855.68,1851.30,1852.77,74.0233,1691595000000
1664,1852.81,1853.24,1851.50,1851.61,44.7593,1691596800000
1665,1851.54,1854.27,1846.91,1848.91,299.9141,1691598600000
1666,1848.90,1852.32,1846.96,1848.40,127.3353,1691600400000
1667,1848.30,1850.57,1846.97,1849.43,118.1783,1691602200000
1668,1849.48,1854.70,1848.41,1853.22,115.2440,1691604000000
1669,1853.21,1855.27,1852.01,1853.17,46.8134,1691605800000
1670,1853.18,1854.90,1851.53,1852.01,45.1465,1691607600000
1671,1851.97,1852.56,1846.38,1848.47,111.3401,1691609400000
1672,1848.44,1852.47,1848.05,1852.47,72.8678,1691611200000
1673,1852.36,1853.38,1852.01,1852.75,15.9934,1691613000000
1674,1852.75,1853.32,1847.25,1853.24,53.6083,1691614800000
1675,1853.45,1854.98,1852.06,1853.68,47.4078,1691616600000
1676,1853.68,1854.83,1853.68,1853.91,45.2295,1691618400000
1677,1853.90,1855.65,1853.41,1855.65,32.7250,1691620200000
1678,1855.59,1858.74,1855.38,1857.13,34.4907,1691622000000
1679,1857.13,1857.20,1855.30,1855.45,22.1137,1691623800000
