,o,h,l,c,v,t
0,102.589,102.860,101.915,102.834,315.153,1688601600000
1,102.731,102.765,101.609,101.741,212.186,1688603400000
2,101.804,102.625,101.623,102.363,37.256,1688605200000
3,102.348,103.030,102.254,103.030,24.506,1688607000000
4,102.944,103.978,102.941,103.516,84.534,1688608800000
5,103.526,103.698,103.189,103.402,385.656,1688610600000
6,103.403,103.768,103.360,103.610,5.567,1688612400000
7,103.608,103.856,103.505,103.729,13.389,1688614200000
8,103.759,103.785,103.098,103.189,115.592,1688616000000
9,103.180,103.228,102.773,102.786,133.531,1688617800000
10,102.879,103.114,102.295,103.114,260.971,1688619600000
11,103.155,105.499,103.130,105.219,233.558,1688621400000
12,105.138,105.171,103.875,104.499,645.889,1688623200000
13,104.569,104.766,104.049,104.332,379.024,1688625000000
14,104.403,104.550,104.037,104.412,348.185,1688626800000
15,104.438,104.771,103.698,103.864,185.047,1688628600000
16,103.899,104.213,103.748,104.039,183.690,1688630400000
17,104.037,105.369,104.037,105.227,548.819,1688632200000
18,105.170,105.665,104.498,105.439,144.682,1688634000000
19,105.494,105.876,104.028,104.169,206.894,1688635800000
20,104.161,104.399,103.919,104.068,57.002,1688637600000
21,104.153,104.671,103.819,104.616,97.228,1688639400000
22,104.571,104.579,103.997,104.233,50.721,1688641200000
23,104.256,104.396,101.540,102.528,513.873,1688643000000
24,102.391,102.470,100.696,101.239,193.703,1688644800000
25,101.226,101.242,99.614,100.916,218.860,1688646600000
26,100.901,101.362,100.781,100.869,30.634,1688648400000
27,100.888,100.907,98.488,98.803,256.269,1688650200000
28,98.711,99.288,96.256,96.277,473.386,1688652000000
29,96.319,98.199,96.319,98.151,66.948,1688653800000
30,98.109,98.610,97.570,98.447,150.786,1688655600000
31,98.414,98.860,98.151,98.678,338.672,1688657400000
32,98.597,99.098,97.939,98.216,197.738,1688659200000
33,98.258,98.258,96.782,97.478,105.363,1688661000000
34,97.477,97.923,97.455,97.777,115.193,1688662800000
35,97.830,98.223,97.756,98.188,14.968,1688664600000
36,98.158,98.743,98.158,98.297,116.978,1688666400000
37,98.391,98.709,97.933,98.615,25.859,1688668200000
38,98.586,98.586,98.036,98.236,49.719,1688670000000
39,98.247,98.272,97.465,97.667,36.144,1688671800000
40,97.600,98.347,97.600,98.331,3.647,1688673600000
41,98.331,98.367,97.932,98.212,162.102,1688675400000
42,98.200,98.200,97.113,97.319,75.570,1688677200000
43,97.355,97.650,97.147,97.650,30.883,1688679000000
44,97.741,97.884,97.487,97.600,33.898,1688680800000
45,97.601,97.864,96.469,96.990,101.346,1688682600000
46,97.047,97.047,95.243,96.068,218.300,1688684400000
47,96.055,96.116,95.246,95.274,152.814,1688686200000
48,95.349,96.469,94.360,96.123,266.021,1688688000000
49,96.128,96.989,95.563,96.388,136.815,1688689800000
50,96.352,96.719,96.193,96.452,25.861,1688691600000
51,96.482,97.139,96.251,97.031,3.060,1688693400000
52,97.113,97.178,96.998,97.145,0.372,1688695200000
53,97.152,97.433,96.946,97.269,129.997,1688697000000
54,97.305,97.470,96.975,97.111,31.953,1688698800000
55,97.138,97.418,97.122,97.242,0.234,1688700600000
56,97.240,97.310,96.518,96.612,79.635,1688702400000
57,96.508,96.705,96.349,96.635,43.196,1688704200000
58,96.649,97.340,96.208,97.297,395.468,1688706000000
59,97.350,97.556,96.995,96.995,3.735,1688707800000
60,97.022,97.117,96.486,96.486,48.177,1688709600000
61,96.558,96.852,96.417,96.613,49.893,1688711400000
62,96.655,96.825,96.517,96.641,2.668,1688713200000
63,96.685,96.814,95.795,96.089,44.297,1688715000000
64,96.065,96.599,95.718,96.189,26.320,1688716800000
65,96.188,96.401,96.003,96.003,26.345,1688718600000
66,96.034,96.706,96.010,96.521,41.157,1688720400000
67,96.572,96.817,96.347,96.489,4.556,1688722200000
68,96.525,96.525,95.821,96.041,40.271,1688724000000
69,96.059,96.316,95.965,96.263,8.673,1688725800000
70,96.302,96.330,95.981,96.167,26.410,1688727600000
71,96.200,96.240,95.500,95.799,135.173,1688729400000
72,95.846,96.133,95.162,95.288,273.115,1688731200000
73,95.392,97.233,95.392,96.356,134.318,1688733000000
74,96.342,96.877,95.915,96.756,43.524,1688734800000
75,96.780,97.762,96.641,97.644,281.722,1688736600000
76,97.554,97.926,96.961,97.307,79.641,1688738400000
77,97.272,97.393,96.961,97.285,100.146,1688740200000
78,97.293,97.417,96.943,97.076,108.268,1688742000000
79,97.032,97.867,97.032,97.728,3.356,1688743800000
80,97.700,98.125,97.327,97.389,90.239,1688745600000
81,97.387,98.186,97.302,97.902,169.511,1688747400000
82,97.902,98.339,97.604,98.229,17.010,1688749200000
83,98.035,98.065,97.498,97.957,107.607,1688751000000
84,97.933,98.133,97.378,97.477,236.018,1688752800000
85,97.450,97.544,96.628,96.861,63.945,1688754600000
86,96.918,97.338,96.817,97.298,11.109,1688756400000
87,97.333,97.536,97.297,97.400,1.055,1688758200000
88,97.445,97.495,97.174,97.226,25.526,1688760000000
89,97.218,97.354,96.921,97.275,11.887,1688761800000
90,97.272,98.086,97.272,98.086,5.519,1688763600000
91,98.100,98.100,97.659,97.664,2.988,1688765400000
92,97.676,97.981,97.534,97.655,62.090,1688767200000
93,97.655,98.517,97.555,98.371,82.374,1688769000000
94,98.331,98.576,97.996,98.283,71.479,1688770800000
95,98.260,98.346,97.932,98.186,12.859,1688772600000
96,98.166,98.330,97.818,98.298,271.260,1688774400000
97,98.316,98.356,97.919,98.101,119.620,1688776200000
98,98.102,98.463,97.895,98.450,30.129,1688778000000
99,98.432,98.441,97.984,98.116,24.624,1688779800000
100,98.087,98.247,97.877,97.989,166.781,1688781600000
101,97.939,98.101,97.637,97.943,65.319,1688783400000
102,97.924,97.969,97.365,97.391,47.969,1688785200000
103,97.391,97.422,97.053,97.242,34.983,1688787000000
104,97.247,97.435,97.051,97.290,38.156,1688788800000
105,97.308,97.495,97.234,97.255,13.576,1688790600000
106,97.252,97.269,96.597,97.005,49.318,1688792400000
107,96.997,97.134,96.790,97.134,2.734,1688794200000
108,97.105,97.217,96.808,96.960,2.371,1688796000000
109,96.997,97.206,96.804,97.084,0.464,1688797800000
110,97.072,97.408,97.062,97.264,2.188,1688799600000
111,97.277,97.407,97.133,97.166,2.280,1688801400000
112,97.180,97.588,97.106,97.551,61.726,1688803200000
113,97.627,97.927,97.627,97.807,68.225,1688805000000
114,97.792,98.084,97.667,97.692,94.948,1688806800000
115,97.677,97.945,97.594,97.926,2.464,1688808600000
116,97.894,98.103,97.791,98.077,0.193,1688810400000
117,98.119,98.244,97.765,97.919,62.006,1688812200000
118,97.911,97.949,96.991,97.366,10.454,1688814000000
119,97.370,97.431,96.977,97.209,6.683,1688815800000
120,97.209,97.346,96.914,97.209,24.283,1688817600000
121,97.213,97.321,96.802,96.894,0.215,1688819400000
122,96.884,97.936,96.884,97.936,107.699,1688821200000
123,97.929,97.961,97.432,97.452,94.456,1688823000000
124,97.473,97.776,97.281,97.776,39.640,1688824800000
125,97.787,97.857,97.486,97.690,15.516,1688826600000
126,97.711,97.959,97.519,97.892,27.900,1688828400000
127,97.925,98.288,97.759,97.873,172.354,1688830200000
128,97.897,98.132,97.680,97.700,34.128,1688832000000
129,97.711,98.247,97.711,97.990,2.356,1688833800000
130,97.985,98.007,97.640,97.640,0.361,1688835600000
131,97.654,97.997,97.651,97.705,5.231,1688837400000
132,97.705,97.718,97.316,97.523,2.201,1688839200000
133,97.559,97.786,97.559,97.749,0.139,1688841000000
134,97.733,97.733,96.896,97.211,29.489,1688842800000
135,97.173,97.368,96.992,97.242,0.298,1688844600000
136,97.285,97.397,96.992,97.158,0.246,1688846400000
137,97.144,97.454,97.033,97.441,0.483,1688848200000
138,97.457,97.492,97.242,97.492,102.691,1688850000000
139,97.501,97.579,97.416,97.530,8.663,1688851800000
140,97.567,97.715,97.468,97.505,29.199,1688853600000
141,97.495,97.696,97.350,97.695,1.515,1688855400000
142,97.719,97.864,97.643,97.850,5.528,1688857200000
143,97.856,97.917,97.677,97.848,8.872,1688859000000
144,97.818,97.890,97.410,97.463,6.590,1688860800000
145,97.475,98.167,97.475,97.994,0.398,1688862600000
146,98.002,98.352,97.994,98.037,4.264,1688864400000
147,98.006,98.218,97.905,97.939,33.341,1688866200000
148,97.983,98.078,97.529,97.624,76.683,1688868000000
149,97.621,97.636,97.182,97.461,111.275,1688869800000
150,97.471,97.521,97.140,97.163,23.856,1688871600000
151,97.164,97.418,97.164,97.212,43.750,1688873400000
152,97.248,97.279,97.041,97.247,13.841,1688875200000
153,97.224,97.437,97.194,97.288,33.706,1688877000000
154,97.272,97.468,97.243,97.243,5.436,1688878800000
155,97.243,97.436,97.243,97.307,5.777,1688880600000
156,97.352,97.380,97.065,97.113,12.537,1688882400000
157,97.076,97.186,96.955,97.001,12.887,1688884200000
158,97.001,97.107,96.852,96.881,0.477,1688886000000
159,96.875,96.876,96.356,96.703,88.129,1688887800000
160,96.703,96.942,96.703,96.911,5.633,1688889600000
161,96.917,97.037,96.814,97.013,0.236,1688891400000
162,96.978,96.998,96.654,96.750,0.449,1688893200000
163,96.750,96.903,96.529,96.833,0.110,1688895000000
164,96.833,96.901,96.665,96.876,63.578,1688896800000
165,96.897,96.933,96.672,96.706,0.093,1688898600000
166,96.644,96.731,96.475,96.707,7.743,1688900400000
167,96.686,96.777,96.497,96.570,17.402,1688902200000
168,96.589,96.600,96.180,96.450,33.371,1688904000000
169,96.452,96.924,96.439,96.816,13.527,1688905800000
170,96.858,96.937,96.689,96.730,15.440,1688907600000
171,96.745,96.789,96.447,96.447,16.396,1688909400000
172,96.447,96.447,95.384,95.961,89.417,1688911200000
173,96.026,96.787,96.021,96.667,27.067,1688913000000
174,96.688,97.000,96.631,96.966,82.514,1688914800000
175,96.964,97.125,96.724,96.896,16.939,1688916600000
176,96.931,97.075,96.694,97.075,195.451,1688918400000
177,97.050,97.246,96.834,96.918,3.222,1688920200000
178,96.897,96.900,96.678,96.819,28.855,1688922000000
179,96.799,96.876,96.594,96.794,10.273,1688923800000
180,96.793,96.873,96.603,96.703,0.266,1688925600000
181,96.704,96.917,96.679,96.868,0.268,1688927400000
182,96.859,96.881,96.625,96.831,0.349,1688929200000
183,96.854,96.854,96.638,96.738,0.433,1688931000000
184,96.737,96.737,96.558,96.559,0.762,1688932800000
185,96.536,96.536,95.897,96.327,56.489,1688934600000
186,96.354,96.413,95.944,96.255,0.182,1688936400000
187,96.255,96.344,95.877,95.946,0.896,1688938200000
188,95.946,95.946,95.486,95.693,9.241,1688940000000
189,95.675,96.124,95.663,95.818,6.890,1688941800000
190,95.838,95.886,95.499,95.619,75.763,1688943600000
191,95.574,95.589,94.535,95.087,300.736,1688945400000
192,95.112,95.125,91.929,93.210,265.226,1688947200000
193,93.224,93.847,92.951,93.308,71.892,1688949000000
194,93.254,93.777,93.046,93.425,81.348,1688950800000
195,93.454,93.725,93.085,93.139,139.651,1688952600000
196,93.211,93.464,93.059,93.304,70.749,1688954400000
197,93.431,94.317,93.383,94.236,72.169,1688956200000
198,94.245,94.364,93.734,93.920,24.085,1688958000000
199,93.887,93.914,93.518,93.866,36.157,1688959800000
200,93.920,93.920,93.306,93.603,301.924,1688961600000
201,93.594,93.940,93.580,93.628,9.387,1688963400000
202,93.650,93.867,93.412,93.446,40.293,1688965200000
203,93.524,93.524,93.042,93.058,9.554,1688967000000
204,93.098,93.463,93.098,93.357,10.074,1688968800000
205,93.351,93.351,92.919,93.200,16.125,1688970600000
206,93.222,93.592,93.222,93.411,20.351,1688972400000
207,93.410,93.485,93.100,93.355,14.408,1688974200000
208,93.334,93.376,92.236,93.039,52.107,1688976000000
209,93.028,93.323,92.702,93.322,8.635,1688977800000
210,93.331,94.003,93.031,93.955,166.765,1688979600000
211,93.955,94.187,93.562,93.790,7.167,1688981400000
212,93.745,93.987,93.698,93.903,181.052,1688983200000
213,93.986,94.467,93.957,94.042,29.266,1688985000000
214,94.055,94.537,94.055,94.491,1.854,1688986800000
215,94.553,95.206,94.353,95.005,82.922,1688988600000
216,95.058,95.299,94.781,94.807,215.422,1688990400000
217,94.802,94.882,94.333,94.383,52.498,1688992200000
218,94.383,94.717,94.308,94.629,1.534,1688994000000
219,94.660,95.460,94.641,94.823,122.468,1688995800000
220,94.782,95.098,94.730,95.077,14.248,1688997600000
221,95.178,95.635,94.793,95.118,137.527,1688999400000
222,95.106,95.192,94.697,94.881,109.422,1689001200000
223,94.989,95.354,94.979,95.207,95.364,1689003000000
224,95.245,95.256,94.754,94.896,13.819,1689004800000
225,94.928,95.423,94.916,95.243,5.964,1689006600000
226,95.263,95.302,94.924,95.273,39.159,1689008400000
227,95.284,95.313,94.724,94.836,0.519,1689010200000
228,94.837,95.472,94.812,95.472,28.565,1689012000000
229,95.474,96.425,95.461,96.358,31.634,1689013800000
230,96.386,96.754,96.067,96.322,75.617,1689015600000
231,96.391,97.147,96.185,96.976,54.201,1689017400000
232,96.978,97.766,96.912,97.383,5.207,1689019200000
233,97.383,97.718,96.870,97.083,20.657,1689021000000
234,97.068,97.687,96.846,97.582,62.913,1689022800000
235,97.576,97.699,96.711,96.711,42.050,1689024600000
236,96.654,96.845,95.795,96.443,150.526,1689026400000
237,96.443,96.443,95.892,96.218,32.402,1689028200000
238,96.280,96.721,96.242,96.721,74.114,1689030000000
239,96.744,96.839,96.478,96.770,9.494,1689031800000
240,96.714,97.858,96.714,97.315,82.171,1689033600000
241,97.244,97.288,96.098,96.473,75.585,1689035400000
242,96.482,97.085,96.283,96.983,34.093,1689037200000
243,96.984,97.521,96.984,97.451,99.009,1689039000000
244,97.514,97.643,97.270,97.304,55.298,1689040800000
245,97.322,97.434,96.702,96.873,72.190,1689042600000
246,96.903,97.145,96.637,96.771,27.030,1689044400000
247,96.789,97.137,96.786,97.043,0.921,1689046200000
248,97.028,97.188,96.907,96.911,30.102,1689048000000
249,96.955,96.957,96.696,96.804,5.955,1689049800000
250,96.804,97.105,96.804,97.099,48.260,1689051600000
251,97.040,97.361,97.035,97.179,39.201,1689053400000
252,97.200,97.646,97.191,97.646,21.764,1689055200000
253,97.671,97.876,97.423,97.742,24.511,1689057000000
254,97.758,98.316,97.601,97.979,208.847,1689058800000
255,98.008,98.126,97.821,97.947,16.167,1689060600000
256,97.926,97.965,97.729,97.944,96.570,1689062400000
257,97.999,98.177,97.701,97.701,18.518,1689064200000
258,97.679,97.886,97.180,97.486,288.026,1689066000000
259,97.550,97.770,97.274,97.692,86.436,1689067800000
260,97.719,98.057,97.583,97.654,23.674,1689069600000
261,97.663,97.808,97.516,97.527,0.191,1689071400000
262,97.527,97.604,97.291,97.521,12.181,1689073200000
263,97.564,97.704,97.335,97.537,68.097,1689075000000
264,97.458,97.559,97.183,97.359,7.594,1689076800000
265,97.359,97.881,97.348,97.881,271.433,1689078600000
266,97.881,97.881,97.473,97.481,69.644,1689080400000
267,97.495,97.882,97.214,97.531,73.268,1689082200000
268,97.502,97.739,96.750,97.339,35.435,1689084000000
269,97.269,97.651,97.155,97.359,5.997,1689085800000
270,97.429,97.637,96.000,96.338,246.860,1689087600000
271,96.282,96.610,96.011,96.549,25.626,1689089400000
272,96.586,96.730,96.107,96.244,15.815,1689091200000
273,96.286,96.769,96.260,96.623,8.179,1689093000000
274,96.638,96.638,96.411,96.524,12.367,1689094800000
275,96.540,96.540,95.986,96.161,47.650,1689096600000
276,96.161,96.179,95.989,96.047,28.009,1689098400000
277,96.032,96.043,95.644,95.851,18.351,1689100200000
278,95.841,96.114,95.543,96.019,14.712,1689102000000
279,96.019,96.116,95.852,95.920,63.898,1689103800000
280,95.976,96.157,95.770,95.836,31.242,1689105600000
281,95.848,95.951,95.677,95.875,13.438,1689107400000
282,95.917,96.044,95.719,95.861,8.051,1689109200000
283,95.874,96.236,95.760,96.210,6.043,1689111000000
284,96.227,96.681,96.129,96.652,25.277,1689112800000
285,96.667,96.990,96.553,96.985,46.703,1689114600000
286,96.983,96.989,96.773,96.891,71.426,1689116400000
287,96.928,96.928,96.684,96.748,5.253,1689118200000
288,96.757,96.847,96.531,96.732,29.206,1689120000000
289,96.732,97.224,96.712,97.046,149.158,1689121800000
290,97.067,97.494,97.002,97.002,30.500,1689123600000
291,97.029,97.093,96.773,96.902,27.965,1689125400000
292,96.869,96.953,96.602,96.779,2.958,1689127200000
293,96.814,96.972,96.624,96.773,17.092,1689129000000
294,96.742,97.003,96.530,96.959,64.165,1689130800000
295,96.934,97.083,96.837,97.008,24.589,1689132600000
296,97.053,97.075,96.663,96.723,4.433,1689134400000
297,96.757,96.905,96.650,96.880,11.113,1689136200000
298,96.882,97.104,96.819,97.025,0.189,1689138000000
299,97.025,97.026,96.687,96.687,2.774,1689139800000
300,96.684,96.925,96.424,96.895,66.850,1689141600000
301,96.845,97.046,96.811,96.994,0.598,1689143400000
302,96.973,97.565,96.831,97.378,10.955,1689145200000
303,97.380,97.833,97.301,97.334,2.464,1689147000000
304,97.326,97.429,97.018,97.039,28.977,1689148800000
305,97.016,97.187,96.890,97.152,1.196,1689150600000
306,97.159,97.184,96.832,96.946,2.806,1689152400000
307,96.961,97.169,96.916,97.098,0.099,1689154200000
308,97.098,97.122,96.654,96.675,0.290,1689156000000
309,96.648,96.657,96.441,96.656,3.924,1689157800000
310,96.640,96.864,96.612,96.858,1.628,1689159600000
311,96.854,97.036,96.704,96.922,11.343,1689161400000
312,96.937,96.937,96.450,96.753,58.840,1689163200000
313,96.757,97.657,96.298,96.675,273.622,1689165000000
314,96.624,97.383,96.624,96.947,15.979,1689166800000
315,96.941,97.228,96.088,96.700,86.027,1689168600000
316,96.690,97.127,96.585,96.620,0.549,1689170400000
317,96.633,97.211,96.633,96.889,13.062,1689172200000
318,96.890,97.162,96.405,96.527,5.522,1689174000000
319,96.547,96.632,95.562,95.645,28.396,1689175800000
320,95.639,95.791,94.264,95.079,136.783,1689177600000
321,95.019,95.501,94.960,95.501,3.567,1689179400000
322,95.568,95.819,95.456,95.480,16.285,1689181200000
323,95.543,95.859,95.465,95.533,11.673,1689183000000
324,95.541,95.894,95.540,95.836,30.479,1689184800000
325,95.835,95.967,95.710,95.837,34.794,1689186600000
326,95.838,95.838,94.766,95.104,107.151,1689188400000
327,95.126,95.147,94.380,94.988,40.470,1689190200000
328,94.878,95.749,94.827,95.711,0.654,1689192000000
329,95.606,95.744,95.456,95.744,5.638,1689193800000
330,95.749,95.993,95.532,95.768,2.751,1689195600000
331,95.781,96.037,95.735,95.778,0.425,1689197400000
332,95.768,96.203,95.765,96.023,0.726,1689199200000
333,96.020,96.253,95.978,96.243,0.102,1689201000000
334,96.177,96.228,96.029,96.118,4.688,1689202800000
335,96.139,96.495,96.065,96.245,0.347,1689204600000
336,96.231,96.548,96.102,96.113,4.011,1689206400000
337,96.075,96.350,96.028,96.028,0.227,1689208200000
338,96.058,96.224,95.771,95.932,0.373,1689210000000
339,95.941,96.195,95.645,96.193,5.300,1689211800000
340,96.192,96.318,96.076,96.295,7.341,1689213600000
341,96.313,96.380,96.000,96.102,2.700,1689215400000
342,96.093,96.291,95.849,95.868,0.197,1689217200000
343,95.823,96.253,95.719,96.207,113.348,1689219000000
344,96.190,96.454,95.943,96.333,5.215,1689220800000
345,96.338,96.879,96.329,96.646,182.163,1689222600000
346,96.617,97.056,96.335,97.048,6.875,1689224400000
347,97.087,98.124,97.028,97.998,90.652,1689226200000
348,98.015,100.259,97.903,99.818,251.340,1689228000000
349,99.862,100.363,99.541,100.054,96.790,1689229800000
350,100.054,100.576,99.696,100.440,33.940,1689231600000
351,100.424,100.754,100.045,100.295,105.692,1689233400000
352,100.325,100.490,99.792,100.359,28.975,1689235200000
353,100.392,100.832,100.336,100.738,132.637,1689237000000
354,100.764,101.434,100.570,101.323,217.398,1689238800000
355,101.296,101.424,100.994,101.141,145.723,1689240600000
356,101.047,101.109,100.601,100.664,3.775,1689242400000
357,100.674,101.177,100.674,100.954,6.603,1689244200000
358,100.954,101.095,100.732,100.877,7.998,1689246000000
359,100.890,101.117,100.820,100.869,0.342,1689247800000
360,100.880,101.088,100.082,100.120,38.816,1689249600000
361,100.180,100.477,99.556,99.971,325.473,1689251400000
362,100.007,100.291,99.810,99.934,78.050,1689253200000
363,99.954,100.365,99.897,100.099,54.337,1689255000000
364,100.142,100.143,99.290,99.510,60.209,1689256800000
365,99.508,99.845,99.400,99.563,4.515,1689258600000
366,99.512,100.549,99.311,100.523,54.803,1689260400000
367,100.702,103.600,100.571,102.497,963.313,1689262200000
368,102.560,102.720,101.227,101.583,201.022,1689264000000
369,101.569,101.920,100.841,101.795,160.204,1689265800000
370,101.718,101.807,100.970,101.389,98.255,1689267600000
371,101.269,103.524,101.124,102.925,460.095,1689269400000
372,102.938,104.338,102.602,102.740,508.838,1689271200000
373,102.631,103.014,101.638,102.168,177.752,1689273000000
374,102.187,103.493,101.749,103.382,98.272,1689274800000
375,103.459,103.503,102.304,102.772,113.689,1689276600000
376,102.647,102.867,102.138,102.660,216.870,1689278400000
377,102.600,102.650,101.180,101.429,26.486,1689280200000
378,101.516,101.516,99.174,100.059,430.444,1689282000000
379,100.108,100.273,99.609,99.948,357.259,1689283800000
380,99.933,100.421,99.865,100.257,143.973,1689285600000
381,100.325,101.058,100.325,101.025,43.195,1689287400000
382,101.031,101.461,101.007,101.243,63.783,1689289200000
383,101.254,102.108,101.194,101.879,77.931,1689291000000
384,101.809,102.578,101.419,102.269,136.025,1689292800000
385,102.361,103.533,102.329,103.265,152.887,1689294600000
386,103.261,103.300,102.001,102.446,64.477,1689296400000
387,102.493,102.908,102.316,102.804,15.786,1689298200000
388,102.766,102.857,102.050,102.070,21.990,1689300000000
389,102.050,102.537,101.828,102.480,23.995,1689301800000
390,102.425,102.425,101.728,101.750,1.247,1689303600000
391,101.775,101.775,101.220,101.479,3.357,1689305400000
392,101.526,101.625,101.130,101.600,1.377,1689307200000
393,101.579,101.847,100.907,101.808,59.525,1689309000000
394,101.838,101.838,100.776,100.893,23.376,1689310800000
395,100.918,101.265,100.901,101.210,1.326,1689312600000
396,101.170,101.504,101.055,101.446,61.378,1689314400000
397,101.447,101.925,101.224,101.667,0.907,1689316200000
398,101.625,101.823,101.110,101.291,92.436,1689318000000
399,101.171,101.600,100.549,100.879,17.978,1689319800000
400,100.821,101.492,100.677,101.040,242.106,1689321600000
401,101.029,101.254,100.779,101.197,191.537,1689323400000
402,101.204,101.206,100.201,100.291,65.972,1689325200000
403,100.263,100.699,99.653,100.601,19.007,1689327000000
404,100.557,100.709,100.261,100.330,92.266,1689328800000
405,100.310,100.359,99.960,100.301,81.357,1689330600000
406,100.319,100.747,100.048,100.660,42.241,1689332400000
407,100.661,100.961,100.396,100.935,91.820,1689334200000
408,100.916,101.220,100.541,100.691,3.801,1689336000000
409,100.622,100.622,99.662,100.113,31.324,1689337800000
410,100.070,100.527,100.042,100.494,36.405,1689339600000
411,100.399,101.371,100.134,101.151,36.138,1689341400000
412,101.127,101.129,100.600,100.703,1.208,1689343200000
413,100.737,101.228,100.505,101.042,16.695,1689345000000
414,101.059,101.400,100.786,101.373,5.891,1689346800000
415,101.368,101.427,100.738,100.969,3.167,1689348600000
416,100.911,102.062,100.699,100.979,107.656,1689350400000
417,101.036,101.036,99.340,100.358,229.730,1689352200000
418,100.272,100.272,97.030,98.584,745.999,1689354000000
419,98.648,99.041,96.783,96.970,207.644,1689355800000
420,96.826,97.477,93.421,94.571,363.108,1689357600000
421,94.394,94.394,91.485,93.283,371.527,1689359400000
422,93.189,94.159,92.470,93.809,377.199,1689361200000
423,93.781,93.798,93.110,93.324,138.022,1689363000000
424,93.309,93.428,92.995,93.047,34.766,1689364800000
425,93.101,94.265,92.532,93.906,151.558,1689366600000
426,93.861,94.402,93.846,94.402,10.516,1689368400000
427,94.407,94.533,94.246,94.532,5.618,1689370200000
428,94.507,94.507,94.179,94.207,15.911,1689372000000
429,94.197,94.501,94.146,94.277,56.112,1689373800000
430,94.259,94.896,94.259,94.860,2.313,1689375600000
431,94.887,95.178,94.779,95.118,10.985,1689377400000
432,95.121,95.121,94.326,94.675,42.093,1689379200000
433,94.735,94.871,94.399,94.871,153.255,1689381000000
434,94.880,95.193,94.573,95.128,61.019,1689382800000
435,95.201,95.742,95.001,95.059,10.798,1689384600000
436,95.080,95.179,94.764,94.830,595.318,1689386400000
437,94.854,95.097,94.728,94.772,12.442,1689388200000
438,94.808,94.920,94.323,94.364,60.809,1689390000000
439,94.378,94.818,94.358,94.679,3.740,1689391800000
440,94.653,95.026,94.600,95.026,3.626,1689393600000
441,95.018,95.084,94.749,94.832,8.262,1689395400000
442,94.832,94.853,94.525,94.561,0.145,1689397200000
443,94.556,94.741,94.495,94.741,0.381,1689399000000
444,94.755,94.969,94.413,94.696,28.549,1689400800000
445,94.714,94.886,94.362,94.778,213.880,1689402600000
446,94.781,95.173,94.781,95.167,26.094,1689404400000
447,95.201,95.491,95.091,95.257,0.197,1689406200000
448,95.275,95.304,94.889,95.247,0.842,1689408000000
449,95.217,95.514,95.122,95.122,0.680,1689409800000
450,95.153,95.341,95.146,95.334,0.409,1689411600000
451,95.359,95.494,95.173,95.465,0.246,1689413400000
452,95.437,95.657,95.390,95.461,0.806,1689415200000
453,95.473,95.519,95.227,95.311,0.432,1689417000000
454,95.258,95.314,94.852,94.993,2.935,1689418800000
455,95.001,95.047,94.826,94.826,0.427,1689420600000
456,94.816,95.108,94.609,95.108,111.774,1689422400000
457,95.099,95.184,94.907,95.006,59.674,1689424200000
458,94.995,95.007,94.334,94.477,34.904,1689426000000
459,94.467,94.559,93.737,94.544,67.689,1689427800000
460,94.545,94.620,94.227,94.520,28.874,1689429600000
461,94.534,94.725,94.303,94.387,21.024,1689431400000
462,94.435,94.806,94.129,94.629,59.709,1689433200000
463,94.629,94.630,94.392,94.393,7.790,1689435000000
464,94.435,94.435,93.833,94.265,24.689,1689436800000
465,94.297,94.389,94.054,94.277,31.243,1689438600000
466,94.281,94.640,94.281,94.594,26.880,1689440400000
467,94.594,94.606,94.228,94.415,76.774,1689442200000
468,94.381,94.714,94.381,94.672,3.772,1689444000000
469,94.673,95.036,94.639,94.897,89.835,1689445800000
470,94.902,95.046,94.857,94.996,14.814,1689447600000
471,94.967,94.978,94.672,94.672,28.345,1689449400000
472,94.632,94.642,94.437,94.503,9.955,1689451200000
473,94.503,94.601,94.404,94.546,18.705,1689453000000
474,94.545,94.545,94.116,94.363,1.348,1689454800000
475,94.334,94.430,94.262,94.341,0.487,1689456600000
476,94.346,94.605,94.206,94.525,0.235,1689458400000
477,94.513,94.716,94.353,94.648,11.004,1689460200000
478,94.650,94.717,94.501,94.557,59.669,1689462000000
479,94.559,94.774,94.553,94.764,2.044,1689463800000
480,94.764,94.902,94.555,94.666,2.993,1689465600000
481,94.656,94.954,94.564,94.879,0.814,1689467400000
482,94.879,95.162,94.879,95.155,29.076,1689469200000
483,95.132,95.164,94.834,94.995,14.918,1689471000000
484,95.026,95.224,93.040,94.114,501.580,1689472800000
485,94.112,95.366,94.083,94.695,128.135,1689474600000
486,94.677,94.677,94.417,94.441,2.709,1689476400000
487,94.522,94.586,94.186,94.237,1.879,1689478200000
488,94.273,94.661,94.146,94.649,3.307,1689480000000
489,94.655,94.793,94.485,94.632,2.437,1689481800000
490,94.597,94.913,94.597,94.825,0.435,1689483600000
491,94.767,94.796,94.536,94.714,4.422,1689485400000
492,94.686,94.772,94.486,94.646,0.492,1689487200000
493,94.642,95.020,94.607,94.772,0.669,1689489000000
494,94.816,94.983,94.779,94.815,0.240,1689490800000
495,94.831,94.940,94.767,94.783,19.522,1689492600000
496,94.784,94.860,94.698,94.830,0.414,1689494400000
497,94.799,94.831,94.591,94.661,0.493,1689496200000
498,94.640,94.903,94.640,94.828,50.068,1689498000000
499,94.828,94.828,94.582,94.603,19.202,1689499800000
500,94.669,95.040,94.492,94.818,67.769,1689501600000
501,94.833,94.897,94.270,94.517,46.563,1689503400000
502,94.560,94.697,94.419,94.452,10.122,1689505200000
503,94.454,94.664,94.428,94.531,41.578,1689507000000
504,94.546,94.753,94.433,94.458,13.403,1689508800000
505,94.444,94.531,94.282,94.316,4.891,1689510600000
506,94.379,94.471,94.263,94.313,14.638,1689512400000
507,94.305,94.548,94.285,94.444,21.296,1689514200000
508,94.469,95.186,94.428,95.103,29.630,1689516000000
509,95.123,95.297,94.876,95.113,23.702,1689517800000
510,95.085,95.155,94.879,95.050,14.786,1689519600000
511,95.050,95.084,94.647,94.818,45.148,1689521400000
512,94.811,95.089,94.755,95.089,19.181,1689523200000
513,95.087,95.208,94.873,94.991,3.731,1689525000000
514,94.926,95.230,94.926,95.152,72.549,1689526800000
515,95.178,95.197,94.932,95.186,0.380,1689528600000
516,95.192,95.192,94.657,94.723,32.207,1689530400000
517,94.756,94.763,94.223,94.288,50.732,1689532200000
518,94.284,94.473,94.244,94.334,5.590,1689534000000
519,94.346,94.351,93.681,93.736,35.416,1689535800000
520,93.765,94.246,93.625,94.039,1.924,1689537600000
521,94.032,94.141,93.891,93.919,2.409,1689539400000
522,93.887,94.494,93.879,94.391,47.084,1689541200000
523,94.395,94.395,94.105,94.159,17.011,1689543000000
524,94.160,94.460,94.106,94.283,2.640,1689544800000
525,94.292,94.418,94.110,94.296,9.560,1689546600000
526,94.276,94.433,93.584,93.584,11.988,1689548400000
527,93.551,93.551,91.913,92.836,315.135,1689550200000
528,92.850,93.507,92.375,92.978,53.406,1689552000000
529,92.902,92.902,91.954,92.549,71.988,1689553800000
530,92.586,93.263,92.538,93.173,31.033,1689555600000
531,93.128,93.516,93.101,93.397,1.541,1689557400000
532,93.461,93.582,93.385,93.389,0.542,1689559200000
533,93.385,93.420,93.031,93.120,10.861,1689561000000
534,93.056,93.489,92.965,93.240,22.194,1689562800000
535,93.222,93.467,93.222,93.315,0.476,1689564600000
536,93.336,93.336,93.160,93.261,19.234,1689566400000
537,93.266,93.340,92.749,92.951,53.604,1689568200000
538,92.963,93.300,92.941,93.046,32.840,1689570000000
539,93.046,93.100,92.694,92.716,30.279,1689571800000
540,92.748,93.052,92.734,93.029,9.879,1689573600000
541,93.042,93.084,92.705,93.081,1.263,1689575400000
542,93.060,93.122,92.920,93.022,1.338,1689577200000
543,93.064,93.071,92.853,92.974,0.409,1689579000000
544,92.984,93.254,92.763,93.254,0.666,1689580800000
545,93.305,93.379,93.109,93.116,420.671,1689582600000
546,93.080,93.230,92.549,92.875,427.147,1689584400000
547,92.815,92.864,91.959,92.222,21.358,1689586200000
548,92.222,92.565,89.225,90.584,443.134,1689588000000
549,90.509,91.185,90.144,91.141,340.270,1689589800000
550,91.043,91.835,90.984,91.550,53.638,1689591600000
551,91.557,91.569,91.100,91.126,71.837,1689593400000
552,91.117,91.223,90.175,90.230,24.903,1689595200000
553,90.205,91.425,90.127,91.404,20.128,1689597000000
554,91.404,91.686,91.143,91.595,6.297,1689598800000
555,91.594,92.214,91.293,92.106,3.005,1689600600000
556,92.111,92.334,91.947,92.041,32.981,1689602400000
557,92.052,92.188,91.886,92.135,8.324,1689604200000
558,92.164,92.188,91.379,91.422,23.896,1689606000000
559,91.385,91.709,91.311,91.627,53.022,1689607800000
560,91.590,92.156,91.461,91.673,79.253,1689609600000
561,91.668,91.700,90.862,91.235,31.412,1689611400000
562,91.266,91.441,89.885,91.143,79.266,1689613200000
563,91.153,91.360,90.329,90.669,21.799,1689615000000
564,90.628,90.865,90.542,90.787,36.885,1689616800000
565,90.763,90.843,90.047,90.695,72.541,1689618600000
566,90.721,91.329,90.685,91.287,1.132,1689620400000
567,91.256,91.333,91.080,91.301,3.102,1689622200000
568,91.276,91.719,91.228,91.524,1.505,1689624000000
569,91.483,91.495,91.218,91.366,9.150,1689625800000
570,91.368,91.822,91.261,91.803,2.304,1689627600000
571,91.822,92.684,91.528,92.520,77.213,1689629400000
572,92.486,92.605,92.232,92.388,9.789,1689631200000
573,92.356,92.579,92.113,92.125,0.768,1689633000000
574,92.125,92.345,91.993,92.318,2.903,1689634800000
575,92.321,92.405,92.209,92.209,3.489,1689636600000
576,92.228,92.526,92.053,92.526,0.941,1689638400000
577,92.536,92.618,92.235,92.379,0.998,1689640200000
578,92.388,92.527,92.224,92.521,2.675,1689642000000
579,92.521,92.903,92.395,92.820,7.623,1689643800000
580,92.854,92.920,92.375,92.430,0.787,1689645600000
581,92.408,92.412,91.896,91.980,10.564,1689647400000
582,91.952,92.319,91.946,92.144,1.569,1689649200000
583,92.165,92.272,92.014,92.171,5.338,1689651000000
584,92.196,92.356,91.983,92.293,1.764,1689652800000
585,92.287,92.393,92.216,92.378,0.571,1689654600000
586,92.404,92.428,92.187,92.187,0.431,1689656400000
587,92.233,92.297,91.969,91.992,1.717,1689658200000
588,91.969,92.145,91.752,91.808,31.834,1689660000000
589,91.798,91.798,90.437,91.147,89.623,1689661800000
590,91.136,91.465,90.981,91.319,0.792,1689663600000
591,91.315,91.379,90.963,90.992,37.726,1689665400000
592,90.991,91.474,90.616,91.462,31.278,1689667200000
593,91.444,91.639,91.119,91.200,4.987,1689669000000
594,91.200,91.430,91.096,91.333,3.143,1689670800000
595,91.311,91.311,90.959,91.053,6.726,1689672600000
596,91.059,91.319,91.057,91.319,19.904,1689674400000
597,91.319,91.795,91.267,91.777,0.948,1689676200000
598,91.716,92.010,91.702,91.831,9.193,1689678000000
599,91.793,91.831,90.599,90.733,14.526,1689679800000
600,90.724,91.145,90.385,91.145,49.088,1689681600000
601,91.024,91.362,90.808,91.184,161.293,1689683400000
602,91.155,91.292,90.692,90.974,30.665,1689685200000
603,90.937,91.186,90.779,90.914,6.877,1689687000000
604,90.961,91.685,90.863,91.382,15.724,1689688800000
605,91.381,91.487,90.959,91.220,22.798,1689690600000
606,91.255,91.296,90.960,91.061,22.019,1689692400000
607,91.060,91.337,90.918,91.255,30.458,1689694200000
608,91.216,91.635,91.173,91.226,31.604,1689696000000
609,91.219,91.309,89.401,90.295,270.367,1689697800000
610,90.311,90.465,89.940,89.987,53.387,1689699600000
611,89.981,90.566,89.981,90.566,21.756,1689701400000
612,90.526,91.143,90.395,91.143,30.274,1689703200000
613,91.146,91.146,90.840,91.128,7.550,1689705000000
614,91.109,91.324,90.712,90.712,8.055,1689706800000
615,90.753,90.865,90.444,90.586,0.315,1689708600000
616,90.599,90.872,90.486,90.500,3.892,1689710400000
617,90.501,90.909,90.304,90.775,101.752,1689712200000
618,90.794,91.119,90.641,91.095,18.708,1689714000000
619,91.102,91.146,90.892,90.979,163.695,1689715800000
620,90.969,91.111,90.862,91.061,119.353,1689717600000
621,91.061,91.391,90.923,91.343,41.874,1689719400000
622,91.333,91.428,91.169,91.404,4.935,1689721200000
623,91.426,91.602,91.156,91.563,14.495,1689723000000
624,91.552,91.941,91.458,91.889,210.204,1689724800000
625,91.937,92.833,91.937,92.827,304.513,1689726600000
626,92.798,93.011,92.439,92.605,100.773,1689728400000
627,92.638,92.978,92.486,92.933,7.112,1689730200000
628,92.946,93.136,92.722,92.773,31.035,1689732000000
629,92.781,93.753,92.781,93.753,4.580,1689733800000
630,93.830,94.162,93.575,93.647,83.679,1689735600000
631,93.633,93.751,93.352,93.500,6.525,1689737400000
632,93.537,93.940,93.323,93.677,17.709,1689739200000
633,93.702,93.816,93.408,93.469,47.511,1689741000000
634,93.495,93.749,93.434,93.603,27.649,1689742800000
635,93.587,93.930,93.562,93.895,0.215,1689744600000
636,93.812,93.944,93.465,93.465,0.644,1689746400000
637,93.512,93.552,92.905,93.198,55.103,1689748200000
638,93.203,93.492,93.173,93.482,81.616,1689750000000
639,93.476,93.476,92.817,93.089,90.591,1689751800000
640,93.061,93.095,92.601,92.937,147.233,1689753600000
641,92.935,92.989,92.304,92.407,86.050,1689755400000
642,92.356,92.744,92.082,92.683,100.973,1689757200000
643,92.673,93.044,92.602,92.904,29.249,1689759000000
644,92.902,93.145,92.860,92.994,329.286,1689760800000
645,93.054,93.235,92.910,92.927,10.904,1689762600000
646,92.964,93.073,92.828,92.910,10.785,1689764400000
647,92.920,93.226,92.782,93.188,6.979,1689766200000
648,93.209,93.280,92.671,92.713,14.502,1689768000000
649,92.728,92.982,92.430,92.905,12.271,1689769800000
650,92.864,92.924,92.468,92.873,27.879,1689771600000
651,92.907,93.473,92.885,93.074,24.194,1689773400000
652,93.059,93.148,92.535,92.602,2.566,1689775200000
653,92.623,92.644,92.096,92.126,58.303,1689777000000
654,92.122,92.435,91.646,92.359,66.801,1689778800000
655,92.324,92.758,92.229,92.643,1.058,1689780600000
656,92.611,92.617,92.146,92.185,69.306,1689782400000
657,92.175,92.305,91.923,92.076,61.333,1689784200000
658,92.056,92.615,92.035,92.554,12.107,1689786000000
659,92.528,92.986,92.461,92.816,76.805,1689787800000
660,92.822,93.034,92.780,92.954,195.489,1689789600000
661,92.904,92.988,92.780,92.965,197.521,1689791400000
662,92.990,93.190,92.875,93.073,48.873,1689793200000
663,93.098,93.204,92.876,92.876,0.482,1689795000000
664,92.887,92.918,92.456,92.585,28.250,1689796800000
665,92.535,92.834,92.417,92.423,0.580,1689798600000
666,92.428,92.428,91.696,92.111,197.216,1689800400000
667,92.083,92.451,92.083,92.427,0.366,1689802200000
668,92.428,92.444,91.975,92.223,125.007,1689804000000
669,92.225,92.239,91.920,92.115,2.249,1689805800000
670,92.086,92.155,91.735,91.945,3.415,1689807600000
671,91.956,92.273,91.956,91.975,0.975,1689809400000
672,91.982,92.235,91.835,91.908,61.769,1689811200000
673,91.915,92.590,91.697,92.411,123.748,1689813000000
674,92.435,92.554,92.275,92.335,101.392,1689814800000
675,92.361,92.427,92.185,92.230,39.057,1689816600000
676,92.225,92.570,92.214,92.561,0.614,1689818400000
677,92.595,92.676,92.227,92.267,1.067,1689820200000
678,92.279,92.380,91.955,91.986,0.765,1689822000000
679,91.964,92.122,91.896,92.070,7.973,1689823800000
680,92.129,92.258,91.860,91.860,251.446,1689825600000
681,91.892,92.164,91.889,92.108,0.556,1689827400000
682,92.099,92.540,92.049,92.436,225.995,1689829200000
683,92.422,92.986,92.422,92.876,0.601,1689831000000
684,92.912,92.912,92.546,92.810,1.002,1689832800000
685,92.811,92.866,92.524,92.753,9.072,1689834600000
686,92.756,93.512,92.706,93.496,0.415,1689836400000
687,93.556,93.567,93.236,93.411,9.911,1689838200000
688,93.454,94.190,93.384,94.163,391.998,1689840000000
689,94.175,94.777,94.032,94.732,74.003,1689841800000
690,94.748,94.853,94.412,94.457,131.305,1689843600000
691,94.447,94.936,94.447,94.472,171.912,1689845400000
692,94.464,94.752,94.463,94.625,0.723,1689847200000
693,94.603,94.951,93.951,94.171,37.543,1689849000000
694,94.180,94.312,93.963,94.312,15.205,1689850800000
695,94.283,94.594,94.247,94.351,2.479,1689852600000
696,94.351,94.496,94.015,94.079,1.446,1689854400000
697,94.045,94.045,93.691,93.691,25.742,1689856200000
698,93.681,93.901,93.524,93.871,1.445,1689858000000
699,93.882,94.103,93.839,93.930,0.679,1689859800000
700,93.976,93.976,93.264,93.402,9.759,1689861600000
701,93.336,93.358,91.473,92.184,590.996,1689863400000
702,92.135,92.534,92.018,92.478,76.681,1689865200000
703,92.464,92.464,91.906,92.146,0.973,1689867000000
704,92.176,92.386,91.784,91.880,98.702,1689868800000
705,91.884,92.038,91.578,91.718,32.956,1689870600000
706,91.735,92.101,91.735,92.059,89.160,1689872400000
707,92.067,92.440,92.037,92.257,57.381,1689874200000
708,92.233,92.413,91.844,91.844,30.178,1689876000000
709,91.741,92.228,91.613,91.924,82.492,1689877800000
710,91.915,92.190,91.914,92.164,10.020,1689879600000
711,92.163,92.243,91.899,92.078,5.559,1689881400000
712,92.046,92.050,91.609,91.809,2.991,1689883200000
713,91.817,91.868,91.500,91.868,23.768,1689885000000
714,91.879,92.294,91.864,92.271,15.095,1689886800000
715,92.285,92.463,92.235,92.463,0.251,1689888600000
716,92.446,92.558,92.239,92.396,17.823,1689890400000
717,92.378,92.580,92.353,92.550,3.448,1689892200000
718,92.516,92.757,92.475,92.622,2.525,1689894000000
719,92.617,92.627,92.291,92.357,0.342,1689895800000
720,92.360,92.425,91.986,92.054,15.454,1689897600000
721,92.034,92.330,91.770,92.110,13.090,1689899400000
722,92.118,92.875,91.978,92.661,16.323,1689901200000
723,92.672,92.680,92.381,92.573,0.898,1689903000000
724,92.583,92.997,92.474,92.997,0.504,1689904800000
725,93.006,93.009,92.822,92.921,2.568,1689906600000
726,92.929,93.035,92.734,92.734,2.420,1689908400000
727,92.729,92.795,92.612,92.615,0.130,1689910200000
728,92.649,92.689,92.404,92.426,3.142,1689912000000
729,92.511,92.693,92.432,92.491,0.778,1689913800000
730,92.447,92.634,92.321,92.355,0.268,1689915600000
731,92.357,92.398,92.236,92.288,0.301,1689917400000
732,92.331,92.630,92.119,92.626,0.256,1689919200000
733,92.629,92.629,92.324,92.399,0.425,1689921000000
734,92.389,92.461,92.134,92.182,0.694,1689922800000
735,92.153,92.153,91.849,91.985,31.198,1689924600000
736,92.002,92.273,91.964,92.265,57.035,1689926400000
737,92.265,92.283,92.086,92.217,48.638,1689928200000
738,92.257,92.533,92.108,92.473,47.612,1689930000000
739,92.474,92.507,91.993,91.993,10.528,1689931800000
740,92.021,92.292,92.021,92.201,13.213,1689933600000
741,92.186,92.383,92.163,92.204,6.932,1689935400000
742,92.243,92.378,92.085,92.124,11.782,1689937200000
743,92.124,92.319,92.020,92.319,31.145,1689939000000
744,92.318,92.494,92.285,92.483,126.342,1689940800000
745,92.475,92.643,92.387,92.435,8.561,1689942600000
746,92.410,92.601,92.315,92.415,10.929,1689944400000
747,92.400,92.417,92.077,92.237,73.274,1689946200000
748,92.241,92.394,92.074,92.145,17.538,1689948000000
749,92.126,92.531,92.126,92.531,71.091,1689949800000
750,92.579,92.608,92.427,92.487,0.495,1689951600000
751,92.484,92.541,92.446,92.515,0.388,1689953400000
752,92.498,93.455,92.394,93.305,3.763,1689955200000
753,93.389,93.412,92.751,93.293,45.568,1689957000000
754,93.351,93.557,93.087,93.412,202.395,1689958800000
755,93.444,93.631,93.295,93.540,161.682,1689960600000
756,93.573,94.677,93.573,94.540,128.666,1689962400000
757,94.566,94.627,94.279,94.499,7.049,1689964200000
758,94.466,94.712,93.515,94.557,141.890,1689966000000
759,94.536,94.699,93.951,93.964,46.904,1689967800000
760,94.017,94.387,93.754,93.857,28.583,1689969600000
761,93.812,93.957,93.708,93.852,0.523,1689971400000
762,93.815,93.976,93.790,93.840,0.317,1689973200000
763,93.842,94.206,93.825,93.977,0.842,1689975000000
764,94.013,94.446,93.978,94.239,10.558,1689976800000
765,94.245,94.386,94.163,94.386,148.735,1689978600000
766,94.422,94.496,94.058,94.105,0.337,1689980400000
767,94.063,94.068,93.881,94.039,0.621,1689982200000
768,94.077,94.490,94.077,94.490,57.785,1689984000000
769,94.502,95.446,94.490,95.363,58.195,1689985800000
770,95.438,96.453,95.178,95.488,119.824,1689987600000
771,95.525,95.526,94.777,95.206,307.559,1689989400000
772,95.214,95.265,94.802,94.806,13.956,1689991200000
773,94.805,95.085,94.753,94.891,13.809,1689993000000
774,94.895,94.967,94.600,94.671,29.975,1689994800000
775,94.638,94.849,94.629,94.699,13.679,1689996600000
776,94.700,94.861,94.502,94.833,20.089,1689998400000
777,94.810,94.914,94.137,94.279,266.243,1690000200000
778,94.296,94.411,94.223,94.326,120.411,1690002000000
779,94.283,94.470,94.171,94.376,26.954,1690003800000
780,94.377,94.385,94.017,94.103,380.742,1690005600000
781,94.082,94.233,94.000,94.225,23.800,1690007400000
782,94.230,94.367,94.061,94.347,22.375,1690009200000
783,94.352,94.592,94.349,94.499,9.852,1690011000000
784,94.505,94.618,94.381,94.396,7.360,1690012800000
785,94.429,94.581,94.328,94.397,76.645,1690014600000
786,94.422,94.560,94.287,94.519,19.061,1690016400000
787,94.540,94.540,94.061,94.092,140.243,1690018200000
788,94.117,94.117,93.073,93.632,928.619,1690020000000
789,93.607,93.860,93.605,93.787,18.266,1690021800000
790,93.788,93.835,93.598,93.709,26.107,1690023600000
791,93.722,93.843,93.672,93.672,63.494,1690025400000
792,93.691,93.792,93.446,93.703,118.818,1690027200000
793,93.703,93.728,93.432,93.485,2.224,1690029000000
794,93.489,93.610,93.298,93.602,65.137,1690030800000
795,93.586,93.598,93.462,93.538,0.506,1690032600000
796,93.553,93.746,93.522,93.522,1.439,1690034400000
797,93.506,93.611,93.474,93.575,0.684,1690036200000
798,93.582,93.672,93.472,93.648,2.860,1690038000000
799,93.681,94.017,93.617,93.872,2.910,1690039800000
800,93.912,93.938,93.667,93.782,0.966,1690041600000
801,93.804,93.976,93.697,93.734,0.512,1690043400000
802,93.772,93.810,93.648,93.711,17.140,1690045200000
803,93.678,93.700,93.370,93.456,0.487,1690047000000
804,93.461,93.463,93.090,93.187,28.896,1690048800000
805,93.211,93.308,93.112,93.273,2.247,1690050600000
806,93.273,93.408,93.144,93.193,3.127,1690052400000
807,93.232,93.376,93.125,93.312,2.547,1690054200000
808,93.312,93.410,93.227,93.375,0.533,1690056000000
809,93.342,93.464,93.332,93.438,0.163,1690057800000
810,93.435,93.449,93.263,93.375,0.196,1690059600000
811,93.389,93.398,93.290,93.315,0.273,1690061400000
812,93.321,93.336,93.130,93.142,2.281,1690063200000
813,93.163,93.193,92.713,92.747,84.901,1690065000000
814,92.758,92.777,91.299,91.552,420.051,1690066800000
815,91.505,92.089,91.385,92.062,66.144,1690068600000
816,92.073,92.078,91.768,91.983,13.672,1690070400000
817,91.956,91.980,91.622,91.852,0.499,1690072200000
818,91.923,92.224,91.892,91.935,28.021,1690074000000
819,91.938,92.096,91.934,92.063,20.006,1690075800000
820,92.088,92.467,91.924,92.407,170.974,1690077600000
821,92.443,92.619,92.321,92.601,0.138,1690079400000
822,92.602,92.613,92.450,92.561,13.100,1690081200000
823,92.550,92.605,92.464,92.550,0.075,1690083000000
824,92.549,92.575,92.448,92.472,0.614,1690084800000
825,92.454,92.932,92.454,92.932,81.258,1690086600000
826,92.945,92.946,92.776,92.904,0.325,1690088400000
827,92.920,93.005,92.677,92.745,11.539,1690090200000
828,92.750,92.796,92.554,92.562,0.242,1690092000000
829,92.561,92.652,92.515,92.534,0.126,1690093800000
830,92.536,92.629,92.394,92.541,66.740,1690095600000
831,92.543,92.594,92.441,92.551,11.785,1690097400000
832,92.552,92.608,92.403,92.525,0.283,1690099200000
833,92.516,92.890,92.511,92.887,0.197,1690101000000
834,92.888,92.906,92.597,92.684,0.215,1690102800000
835,92.680,92.727,92.548,92.597,2.263,1690104600000
836,92.598,92.829,92.598,92.743,0.126,1690106400000
837,92.730,92.730,92.616,92.628,0.136,1690108200000
838,92.634,92.639,92.403,92.403,128.609,1690110000000
839,92.403,92.571,92.398,92.506,13.634,1690111800000
840,92.533,92.597,92.433,92.543,0.685,1690113600000
841,92.512,92.575,92.395,92.549,23.146,1690115400000
842,92.553,92.586,92.020,92.175,553.626,1690117200000
843,92.130,92.316,92.040,92.275,2.835,1690119000000
844,92.288,92.343,92.088,92.164,37.872,1690120800000
845,92.160,92.316,92.098,92.207,0.108,1690122600000
846,92.206,92.258,92.079,92.101,0.133,1690124400000
847,92.118,92.228,92.063,92.101,7.506,1690126200000
848,92.130,92.374,92.121,92.227,0.974,1690128000000
849,92.235,92.597,92.201,92.550,2.233,1690129800000
850,92.545,92.869,92.462,92.663,25.742,1690131600000
851,92.662,92.994,92.511,92.980,13.385,1690133400000
852,93.065,93.092,92.812,93.009,13.805,1690135200000
853,93.026,93.529,92.997,93.276,35.162,1690137000000
854,93.286,93.606,93.034,93.071,79.658,1690138800000
855,93.053,93.118,92.489,92.825,10.975,1690140600000
856,92.848,93.075,92.804,93.038,28.229,1690142400000
857,93.038,93.356,92.941,93.356,11.965,1690144200000
858,93.355,93.404,92.802,92.839,6.650,1690146000000
859,92.814,92.814,92.174,92.276,2.613,1690147800000
860,92.276,92.525,92.239,92.468,8.682,1690149600000
861,92.471,92.789,92.471,92.575,14.412,1690151400000
862,92.565,93.182,92.560,93.155,28.307,1690153200000
863,93.134,93.302,93.021,93.191,7.928,1690155000000
864,93.159,93.395,92.978,93.121,16.351,1690156800000
865,93.121,93.278,92.875,92.898,72.691,1690158600000
866,92.828,92.895,92.324,92.445,27.260,1690160400000
867,92.425,92.576,92.125,92.488,36.674,1690162200000
868,92.436,92.551,92.073,92.475,5.155,1690164000000
869,92.458,92.604,92.341,92.411,15.166,1690165800000
870,92.383,92.464,92.186,92.464,31.536,1690167600000
871,92.461,92.564,91.983,92.089,35.962,1690169400000
872,92.106,92.106,91.363,91.992,148.642,1690171200000
873,92.023,92.345,91.967,92.312,0.393,1690173000000
874,92.293,92.434,92.161,92.408,1.676,1690174800000
875,92.425,92.507,92.310,92.451,2.338,1690176600000
876,92.451,92.540,92.321,92.364,4.152,1690178400000
877,92.352,92.487,92.289,92.356,55.938,1690180200000
878,92.346,92.708,92.144,92.708,214.950,1690182000000
879,92.708,92.906,92.484,92.505,0.741,1690183800000
880,92.471,92.546,92.270,92.546,15.958,1690185600000
881,92.544,92.544,92.204,92.204,1.741,1690187400000
882,92.204,92.407,92.164,92.164,0.189,1690189200000
883,92.159,92.330,87.340,89.072,853.131,1690191000000
884,88.804,89.884,88.804,89.589,156.303,1690192800000
885,89.583,89.584,89.264,89.515,22.468,1690194600000
886,89.497,89.504,89.346,89.385,33.457,1690196400000
887,89.395,89.536,88.950,89.119,328.423,1690198200000
888,89.024,89.474,88.695,89.060,68.103,1690200000000
889,89.043,89.374,89.029,89.154,275.243,1690201800000
890,89.185,89.268,89.032,89.140,52.882,1690203600000
891,89.135,89.306,88.786,89.154,141.264,1690205400000
892,89.116,89.344,88.939,89.111,32.193,1690207200000
893,89.147,89.177,88.676,88.771,93.062,1690209000000
894,88.767,88.940,87.503,88.782,968.707,1690210800000
895,88.713,88.884,88.434,88.806,37.869,1690212600000
896,88.825,89.007,88.442,88.776,149.337,1690214400000
897,88.782,89.128,88.750,88.990,61.602,1690216200000
898,89.024,89.025,88.776,88.974,0.617,1690218000000
899,88.974,88.997,88.758,88.808,0.090,1690219800000
900,88.808,89.027,88.726,89.027,0.227,1690221600000
901,89.032,89.324,89.032,89.276,0.149,1690223400000
902,89.273,89.328,89.044,89.044,3.975,1690225200000
903,89.073,89.102,88.827,88.867,2.419,1690227000000
904,88.900,88.920,88.699,88.742,0.225,1690228800000
905,88.740,88.805,88.406,88.628,845.525,1690230600000
906,88.632,88.833,88.592,88.833,38.765,1690232400000
907,88.863,88.951,88.677,88.914,29.556,1690234200000
908,88.914,89.010,88.703,88.726,4.678,1690236000000
909,88.723,88.930,88.650,88.888,0.413,1690237800000
910,88.872,89.237,88.872,89.215,58.914,1690239600000
911,89.232,89.232,89.061,89.111,0.744,1690241400000
912,89.124,89.388,89.035,89.349,9.218,1690243200000
913,89.350,89.356,88.871,88.936,2.430,1690245000000
914,88.945,89.007,88.756,88.857,0.398,1690246800000
915,88.880,89.064,88.791,89.059,0.182,1690248600000
916,89.058,89.384,89.058,89.357,0.276,1690250400000
917,89.357,89.850,89.134,89.161,149.815,1690252200000
918,89.158,89.198,88.998,89.007,2.885,1690254000000
919,89.051,89.087,88.928,89.041,0.235,1690255800000
920,89.098,89.103,88.869,88.876,1.048,1690257600000
921,88.869,89.004,88.778,88.861,66.762,1690259400000
922,88.936,89.117,88.898,89.117,0.161,1690261200000
923,89.124,89.183,89.052,89.129,0.501,1690263000000
924,89.151,89.159,88.949,89.074,71.982,1690264800000
925,89.058,89.069,88.777,89.021,25.505,1690266600000
926,89.053,89.443,89.049,89.443,64.058,1690268400000
927,89.431,89.434,88.918,89.160,3.313,1690270200000
928,89.153,89.349,88.969,89.349,3.517,1690272000000
929,89.315,89.619,89.252,89.607,2.607,1690273800000
930,89.587,89.590,89.329,89.518,5.676,1690275600000
931,89.505,89.754,89.367,89.450,0.749,1690277400000
932,89.450,89.450,89.242,89.392,28.193,1690279200000
933,89.401,89.401,89.201,89.201,29.691,1690281000000
934,89.189,89.257,89.087,89.160,0.194,1690282800000
935,89.146,89.304,89.142,89.264,122.367,1690284600000
936,89.263,89.645,89.191,89.572,146.527,1690286400000
937,89.537,89.600,89.267,89.302,57.324,1690288200000
938,89.311,89.470,89.233,89.452,97.679,1690290000000
939,89.460,89.897,89.445,89.736,31.850,1690291800000
940,89.808,90.209,89.604,89.829,257.042,1690293600000
941,89.823,89.838,88.904,89.155,77.903,1690295400000
942,89.105,89.168,88.988,89.034,119.087,1690297200000
943,89.034,89.120,88.960,88.987,33.883,1690299000000
944,89.004,89.362,88.994,89.107,6.016,1690300800000
945,89.111,89.192,88.695,88.879,56.705,1690302600000
946,88.864,89.385,88.554,89.344,93.178,1690304400000
947,89.297,89.439,89.119,89.400,6.160,1690306200000
948,89.431,89.471,89.267,89.402,2.419,1690308000000
949,89.426,89.654,89.239,89.239,3.521,1690309800000
950,89.197,89.314,89.119,89.176,0.257,1690311600000
951,89.147,89.170,88.880,88.880,22.857,1690313400000
952,88.866,89.086,88.815,88.952,37.674,1690315200000
953,88.944,89.165,88.859,89.144,77.346,1690317000000
954,89.157,89.362,89.137,89.328,25.172,1690318800000
955,89.360,89.600,89.155,89.520,26.494,1690320600000
956,89.515,89.978,89.515,89.625,58.540,1690322400000
957,89.643,89.769,89.565,89.574,21.352,1690324200000
958,89.638,89.650,89.363,89.363,5.153,1690326000000
959,89.339,89.599,89.339,89.471,31.938,1690327800000
960,89.467,89.709,89.339,89.677,49.082,1690329600000
961,89.724,89.797,89.450,89.632,11.877,1690331400000
962,89.634,89.674,89.336,89.362,0.446,1690333200000
963,89.343,89.663,89.104,89.422,1.684,1690335000000
964,89.461,89.574,89.185,89.523,3.619,1690336800000
965,89.509,89.899,89.344,89.875,56.333,1690338600000
966,89.850,90.055,89.693,89.851,46.195,1690340400000
967,89.814,89.876,89.651,89.664,28.969,1690342200000
968,89.673,89.673,89.527,89.578,6.217,1690344000000
969,89.573,89.659,89.406,89.542,16.165,1690345800000
970,89.543,89.619,89.467,89.565,0.221,1690347600000
971,89.569,89.793,89.524,89.738,0.297,1690349400000
972,89.740,89.777,89.644,89.674,0.163,1690351200000
973,89.647,89.791,89.375,89.422,200.888,1690353000000
974,89.433,89.695,89.429,89.620,30.081,1690354800000
975,89.650,89.770,89.640,89.728,1.558,1690356600000
976,89.724,89.789,89.595,89.684,5.687,1690358400000
977,89.681,89.815,89.512,89.515,0.512,1690360200000
978,89.516,89.612,89.349,89.382,5.395,1690362000000
979,89.382,89.438,89.173,89.344,0.573,1690363800000
980,89.378,89.474,89.283,89.425,0.453,1690365600000
981,89.410,89.519,89.354,89.381,0.130,1690367400000
982,89.359,89.509,89.335,89.338,0.214,1690369200000
983,89.350,89.436,89.120,89.183,182.109,1690371000000
984,89.184,89.484,89.126,89.449,39.122,1690372800000
985,89.477,89.484,89.326,89.416,4.080,1690374600000
986,89.430,89.695,89.336,89.375,104.597,1690376400000
987,89.404,89.588,89.284,89.537,55.156,1690378200000
988,89.562,89.800,89.333,89.615,48.849,1690380000000
989,89.625,89.699,89.542,89.559,0.280,1690381800000
990,89.556,89.697,89.545,89.642,9.122,1690383600000
991,89.641,89.763,89.573,89.624,78.987,1690385400000
992,89.632,89.744,89.297,89.383,253.650,1690387200000
993,89.336,89.344,88.946,89.009,28.335,1690389000000
994,89.024,89.263,88.785,89.034,14.318,1690390800000
995,89.035,89.240,88.665,88.800,68.069,1690392600000
996,88.869,89.675,88.804,89.042,253.651,1690394400000
997,89.049,89.900,89.035,89.336,85.255,1690396200000
998,89.380,89.392,88.471,89.339,213.253,1690398000000
999,89.330,89.523,89.113,89.437,0.715,1690399800000
1000,89.458,89.804,89.330,89.507,10.552,1690401600000
1001,89.497,90.624,89.497,90.475,205.683,1690403400000
1002,90.514,90.949,90.158,90.205,546.890,1690405200000
1003,90.174,90.227,89.605,89.605,333.487,1690407000000
1004,89.581,89.892,89.581,89.850,13.324,1690408800000
1005,89.897,90.050,89.738,90.046,30.099,1690410600000
1006,90.074,91.122,90.054,90.586,33.839,1690412400000
1007,90.585,90.814,90.362,90.650,24.951,1690414200000
1008,90.646,90.886,90.365,90.849,6.086,1690416000000
1009,90.822,91.032,90.655,90.824,1.012,1690417800000
1010,90.846,91.248,90.691,91.140,1.058,1690419600000
1011,91.150,91.553,91.150,91.436,11.517,1690421400000
1012,91.492,91.893,91.151,91.164,48.676,1690423200000
1013,91.168,91.244,90.919,91.234,68.034,1690425000000
1014,91.239,91.396,91.153,91.263,87.666,1690426800000
1015,91.253,91.406,91.092,91.094,72.200,1690428600000
1016,91.094,91.490,91.094,91.466,8.639,1690430400000
1017,91.467,91.476,91.190,91.196,16.479,1690432200000
1018,91.199,91.350,91.109,91.125,21.148,1690434000000
1019,91.128,91.320,91.074,91.238,7.751,1690435800000
1020,91.229,91.449,91.116,91.116,57.088,1690437600000
1021,91.091,91.134,90.658,90.663,52.645,1690439400000
1022,90.668,90.915,90.585,90.877,13.174,1690441200000
1023,90.877,91.051,90.691,90.740,20.888,1690443000000
1024,90.745,91.342,90.579,91.342,56.157,1690444800000
1025,91.358,91.494,91.218,91.294,87.735,1690446600000
1026,91.345,91.655,91.293,91.576,7.735,1690448400000
1027,91.554,91.705,91.428,91.620,1.857,1690450200000
1028,91.617,91.705,91.242,91.376,294.243,1690452000000
1029,91.409,91.409,91.034,91.071,166.205,1690453800000
1030,91.095,91.261,91.014,91.182,2.546,1690455600000
1031,91.155,91.326,91.146,91.218,24.086,1690457400000
1032,91.217,91.222,91.067,91.163,10.676,1690459200000
1033,91.164,91.279,91.083,91.124,9.669,1690461000000
1034,91.125,91.225,90.886,91.048,24.954,1690462800000
1035,90.975,91.264,90.944,91.135,17.691,1690464600000
1036,91.146,91.170,90.911,90.941,51.834,1690466400000
1037,90.957,91.151,90.698,90.868,48.550,1690468200000
1038,90.861,90.893,90.245,90.679,214.277,1690470000000
1039,90.679,90.925,90.606,90.688,20.016,1690471800000
1040,90.664,90.697,90.518,90.578,0.263,1690473600000
1041,90.578,90.899,90.578,90.731,0.443,1690475400000
1042,90.713,90.907,90.527,90.816,2.677,1690477200000
1043,90.820,90.820,90.582,90.590,0.161,1690479000000
1044,90.589,90.605,90.323,90.355,58.395,1690480800000
1045,90.318,90.367,89.651,89.934,61.860,1690482600000
1046,89.939,90.214,89.837,90.100,4.483,1690484400000
1047,90.104,90.287,89.844,90.274,1.761,1690486200000
1048,90.305,90.343,90.026,90.058,0.716,1690488000000
1049,90.085,90.085,89.984,89.984,1.340,1690489800000
1050,90.026,90.107,89.974,90.091,0.924,1690491600000
1051,90.126,90.314,90.109,90.125,11.490,1690493400000
1052,90.140,90.376,90.140,90.228,0.677,1690495200000
1053,90.240,90.346,90.154,90.157,31.704,1690497000000
1054,90.156,90.254,90.095,90.212,36.510,1690498800000
1055,90.215,90.616,90.215,90.616,13.656,1690500600000
1056,90.594,90.820,90.554,90.816,27.449,1690502400000
1057,90.835,91.212,90.835,90.984,18.866,1690504200000
1058,90.947,91.005,90.775,90.827,6.130,1690506000000
1059,90.815,90.909,90.756,90.909,0.266,1690507800000
1060,90.878,91.010,90.768,90.769,13.170,1690509600000
1061,90.765,90.975,90.546,90.975,2.504,1690511400000
1062,90.974,91.034,90.743,90.932,5.512,1690513200000
1063,90.925,91.056,90.827,90.999,5.297,1690515000000
1064,91.032,91.057,90.815,90.894,5.894,1690516800000
1065,90.882,91.465,90.881,91.165,0.769,1690518600000
1066,91.201,91.419,90.989,91.393,11.562,1690520400000
1067,91.423,91.423,90.755,91.158,68.704,1690522200000
1068,91.133,91.318,90.865,90.934,43.956,1690524000000
1069,90.930,91.230,90.893,91.146,14.849,1690525800000
1070,91.139,91.399,91.084,91.380,6.513,1690527600000
1071,91.388,91.417,90.843,90.875,5.193,1690529400000
1072,90.855,91.208,90.695,91.179,11.503,1690531200000
1073,91.180,91.269,91.044,91.068,6.144,1690533000000
1074,91.054,91.215,90.910,91.145,15.685,1690534800000
1075,91.144,91.443,91.135,91.394,2.891,1690536600000
1076,91.408,91.453,91.286,91.286,2.194,1690538400000
1077,91.286,91.446,91.234,91.397,0.333,1690540200000
1078,91.394,91.437,91.266,91.282,0.438,1690542000000
1079,91.282,91.313,91.162,91.162,0.339,1690543800000
1080,91.132,91.396,91.123,91.388,0.568,1690545600000
1081,91.423,91.423,91.305,91.364,0.249,1690547400000
1082,91.353,91.353,90.955,91.035,97.709,1690549200000
1083,91.035,91.188,90.964,91.168,2.054,1690551000000
1084,91.168,91.700,91.151,91.700,74.569,1690552800000
1085,91.743,91.849,91.529,91.767,35.224,1690554600000
1086,91.795,92.000,91.712,91.889,41.868,1690556400000
1087,91.915,91.929,91.551,91.658,9.940,1690558200000
1088,91.678,91.754,91.481,91.737,64.309,1690560000000
1089,91.748,91.983,91.700,91.840,12.700,1690561800000
1090,91.836,91.836,91.187,91.259,141.291,1690563600000
1091,91.259,91.296,90.812,91.142,28.199,1690565400000
1092,91.114,91.338,91.114,91.228,0.457,1690567200000
1093,91.213,91.426,91.208,91.263,36.478,1690569000000
1094,91.281,91.468,91.214,91.292,61.440,1690570800000
1095,91.301,91.413,91.257,91.298,1.427,1690572600000
1096,91.315,91.340,91.175,91.309,4.966,1690574400000
1097,91.316,91.427,91.315,91.377,17.529,1690576200000
1098,91.396,91.430,91.258,91.404,0.408,1690578000000
1099,91.440,91.478,91.360,91.360,2.128,1690579800000
1100,91.350,91.471,91.290,91.380,2.556,1690581600000
1101,91.370,91.412,91.288,91.387,8.208,1690583400000
1102,91.379,91.507,91.363,91.505,1.237,1690585200000
1103,91.505,91.526,91.466,91.467,57.758,1690587000000
1104,91.467,91.625,91.322,91.536,36.039,1690588800000
1105,91.537,91.686,91.525,91.603,0.158,1690590600000
1106,91.620,91.635,91.319,91.323,3.875,1690592400000
1107,91.343,91.588,91.342,91.497,0.631,1690594200000
1108,91.497,91.497,91.197,91.203,60.964,1690596000000
1109,91.220,91.252,91.100,91.252,62.363,1690597800000
1110,91.255,91.348,91.144,91.170,62.303,1690599600000
1111,91.137,91.249,91.017,91.204,7.454,1690601400000
1112,91.204,91.376,91.148,91.325,114.324,1690603200000
1113,91.316,91.321,91.153,91.161,9.612,1690605000000
1114,91.174,91.174,90.976,90.976,158.964,1690606800000
1115,90.960,91.203,90.960,91.203,25.651,1690608600000
1116,91.186,91.200,91.141,91.162,0.428,1690610400000
1117,91.162,91.180,91.007,91.106,0.299,1690612200000
1118,91.106,91.167,91.007,91.027,0.201,1690614000000
1119,91.027,91.133,91.007,91.048,0.389,1690615800000
1120,91.048,91.195,91.019,91.121,9.763,1690617600000
1121,91.121,91.121,90.885,90.955,13.138,1690619400000
1122,90.954,91.132,90.903,91.121,0.245,1690621200000
1123,91.112,91.112,90.911,91.000,0.456,1690623000000
1124,90.999,91.023,90.869,91.023,1.905,1690624800000
1125,91.000,91.040,90.915,90.961,0.401,1690626600000
1126,90.967,91.115,90.913,91.110,0.176,1690628400000
1127,91.103,91.103,90.954,90.977,0.377,1690630200000
1128,90.962,91.158,90.917,91.158,0.273,1690632000000
1129,91.149,91.157,90.920,90.979,0.273,1690633800000
1130,90.978,91.169,90.978,91.111,104.900,1690635600000
1131,91.111,91.171,91.056,91.062,21.941,1690637400000
1132,91.061,91.213,91.058,91.130,16.275,1690639200000
1133,91.129,91.189,91.041,91.055,70.326,1690641000000
1134,91.086,91.103,90.976,90.995,23.937,1690642800000
1135,91.028,91.193,90.931,91.154,124.304,1690644600000
1136,91.162,91.260,91.065,91.238,5.300,1690646400000
1137,91.229,91.286,91.193,91.249,4.066,1690648200000
1138,91.249,91.288,91.149,91.228,12.413,1690650000000
1139,91.187,91.467,91.184,91.301,25.926,1690651800000
1140,91.322,91.371,91.040,91.162,15.385,1690653600000
1141,91.158,91.287,91.135,91.287,2.748,1690655400000
1142,91.277,91.369,91.250,91.320,11.106,1690657200000
1143,91.301,91.522,91.301,91.498,6.996,1690659000000
1144,91.491,92.500,91.410,92.176,73.026,1690660800000
1145,92.141,92.455,91.973,92.145,51.293,1690662600000
1146,92.133,92.748,92.052,92.660,59.764,1690664400000
1147,92.724,92.864,92.430,92.443,208.212,1690666200000
1148,92.460,93.145,92.458,93.060,126.330,1690668000000
1149,93.163,93.778,93.163,93.590,112.239,1690669800000
1150,93.612,94.202,93.545,94.162,263.831,1690671600000
1151,94.174,94.856,94.138,94.352,421.225,1690673400000
1152,94.385,94.838,93.783,93.984,503.032,1690675200000
1153,93.954,95.569,93.693,95.322,930.978,1690677000000
1154,95.356,96.014,94.594,94.878,305.735,1690678800000
1155,94.827,95.076,94.456,94.570,134.705,1690680600000
1156,94.569,94.912,94.538,94.700,19.499,1690682400000
1157,94.709,94.798,94.186,94.254,48.963,1690684200000
1158,94.246,94.837,94.246,94.810,138.484,1690686000000
1159,94.774,94.917,94.604,94.666,92.804,1690687800000
1160,94.666,95.117,94.651,94.824,25.816,1690689600000
1161,94.814,94.829,94.650,94.774,11.770,1690691400000
1162,94.799,94.848,94.574,94.678,2.258,1690693200000
1163,94.677,94.867,94.674,94.758,2.533,1690695000000
1164,94.738,94.738,94.370,94.375,46.377,1690696800000
1165,94.401,94.428,94.068,94.267,194.539,1690698600000
1166,94.183,94.380,94.140,94.207,38.658,1690700400000
1167,94.177,94.458,94.121,94.458,71.627,1690702200000
1168,94.453,94.624,94.398,94.544,7.401,1690704000000
1169,94.584,94.816,94.523,94.816,69.858,1690705800000
1170,94.794,94.842,94.664,94.842,54.854,1690707600000
1171,94.865,95.031,94.673,94.673,94.265,1690709400000
1172,94.675,94.742,94.457,94.585,6.149,1690711200000
1173,94.579,94.703,94.169,94.469,4.933,1690713000000
1174,94.433,94.765,94.433,94.478,0.315,1690714800000
1175,94.473,94.654,94.383,94.597,0.192,1690716600000
1176,94.595,94.668,94.462,94.644,5.852,1690718400000
1177,94.644,94.872,94.564,94.589,0.482,1690720200000
1178,94.604,94.670,94.324,94.324,4.443,1690722000000
1179,94.324,94.503,94.200,94.303,23.028,1690723800000
1180,94.285,94.708,94.285,94.605,184.919,1690725600000
1181,94.576,94.799,94.318,94.718,465.355,1690727400000
1182,94.720,95.046,94.553,94.887,49.503,1690729200000
1183,94.886,94.952,94.347,94.559,115.516,1690731000000
1184,94.560,94.904,94.419,94.807,26.451,1690732800000
1185,94.757,95.795,94.552,95.366,149.181,1690734600000
1186,95.402,96.002,95.106,95.106,211.628,1690736400000
1187,95.160,95.405,95.029,95.188,57.005,1690738200000
1188,95.192,95.264,94.450,94.676,46.785,1690740000000
1189,94.677,94.703,94.536,94.696,203.765,1690741800000
1190,94.705,94.729,94.446,94.523,60.741,1690743600000
1191,94.560,94.633,92.020,92.972,577.090,1690745400000
1192,92.953,92.953,91.064,92.556,548.589,1690747200000
1193,92.539,93.795,92.214,93.572,602.031,1690749000000
1194,93.506,93.761,93.323,93.356,47.500,1690750800000
1195,93.355,93.634,93.049,93.463,99.157,1690752600000
1196,93.387,93.483,93.120,93.120,20.049,1690754400000
1197,93.144,93.438,93.120,93.428,74.272,1690756200000
1198,93.435,94.264,93.402,94.112,7.557,1690758000000
1199,94.155,94.356,93.972,94.104,11.641,1690759800000
1200,94.036,94.148,93.790,94.023,14.183,1690761600000
1201,94.042,95.045,93.958,94.840,82.957,1690763400000
1202,94.866,94.951,94.179,94.224,9.316,1690765200000
1203,94.202,94.282,94.005,94.209,39.298,1690767000000
1204,94.217,94.362,94.098,94.349,59.998,1690768800000
1205,94.371,94.475,94.138,94.157,1.956,1690770600000
1206,94.158,94.257,93.969,94.159,0.178,1690772400000
1207,94.185,94.224,93.994,94.032,4.004,1690774200000
1208,94.113,94.161,93.483,93.508,212.577,1690776000000
1209,93.452,93.452,92.370,93.111,157.963,1690777800000
1210,93.115,93.399,93.115,93.344,119.539,1690779600000
1211,93.328,93.411,93.188,93.225,64.398,1690781400000
1212,93.244,93.482,93.240,93.428,54.070,1690783200000
1213,93.401,93.418,93.124,93.319,2.121,1690785000000
1214,93.328,93.431,93.218,93.377,0.133,1690786800000
1215,93.394,93.456,93.237,93.258,0.162,1690788600000
1216,93.258,93.988,93.237,93.905,131.327,1690790400000
1217,93.926,93.926,93.643,93.892,10.878,1690792200000
1218,93.909,93.940,93.624,93.712,0.109,1690794000000
1219,93.743,93.936,93.665,93.936,0.119,1690795800000
1220,93.936,93.944,93.758,93.862,0.111,1690797600000
1221,93.862,93.871,93.649,93.751,0.066,1690799400000
1222,93.750,93.781,93.536,93.606,1.143,1690801200000
1223,93.600,93.798,93.599,93.778,8.195,1690803000000
1224,93.778,93.782,93.545,93.655,3.894,1690804800000
1225,93.644,93.979,93.629,93.979,18.524,1690806600000
1226,93.982,93.986,93.600,93.613,0.098,1690808400000
1227,93.569,93.617,92.231,92.713,292.818,1690810200000
1228,92.708,92.708,91.690,92.293,502.703,1690812000000
1229,92.294,92.368,92.021,92.140,4.503,1690813800000
1230,92.135,92.379,91.939,92.340,135.833,1690815600000
1231,92.293,92.419,92.035,92.107,92.108,1690817400000
1232,92.101,92.315,91.879,92.194,89.471,1690819200000
1233,92.072,92.175,91.941,91.963,0.312,1690821000000
1234,92.004,92.148,91.900,91.986,4.099,1690822800000
1235,92.030,93.257,92.030,93.036,152.650,1690824600000
1236,92.993,92.993,92.407,92.635,38.590,1690826400000
1237,92.638,92.770,92.533,92.692,16.882,1690828200000
1238,92.692,92.733,92.384,92.495,1.131,1690830000000
1239,92.483,92.713,91.217,91.641,658.280,1690831800000
1240,91.776,92.236,91.230,92.181,127.167,1690833600000
1241,92.173,92.268,91.597,91.972,0.464,1690835400000
1242,91.963,92.396,91.709,92.120,0.802,1690837200000
1243,92.165,92.384,92.080,92.271,262.428,1690839000000
1244,92.241,92.241,91.994,92.223,72.554,1690840800000
1245,92.199,92.213,91.829,91.981,85.768,1690842600000
1246,91.952,92.162,91.839,92.027,406.862,1690844400000
1247,92.037,92.316,92.018,92.215,1027.106,1690846200000
1248,92.258,92.343,91.929,92.322,1117.874,1690848000000
1249,92.334,92.760,92.318,92.583,64.559,1690849800000
1250,92.547,92.648,92.183,92.207,7.903,1690851600000
1251,92.223,92.291,91.844,91.924,53.384,1690853400000
1252,91.913,91.970,88.168,90.094,913.305,1690855200000
1253,90.114,90.445,90.095,90.278,132.352,1690857000000
1254,90.289,90.329,90.090,90.213,91.018,1690858800000
1255,90.209,90.250,89.812,90.002,46.363,1690860600000
1256,90.045,90.136,89.653,89.887,12.481,1690862400000
1257,89.849,90.040,89.739,89.787,0.671,1690864200000
1258,89.795,90.175,89.740,90.152,0.761,1690866000000
1259,90.138,90.486,90.104,90.483,1.903,1690867800000
1260,90.455,90.573,90.294,90.478,72.724,1690869600000
1261,90.463,90.672,90.295,90.542,20.415,1690871400000
1262,90.508,90.618,90.390,90.520,49.185,1690873200000
1263,90.512,90.548,90.317,90.317,25.634,1690875000000
1264,90.305,90.764,90.305,90.764,7.614,1690876800000
1265,90.728,90.756,90.442,90.575,73.259,1690878600000
1266,90.605,90.638,90.355,90.372,89.873,1690880400000
1267,90.381,90.504,90.368,90.394,6.642,1690882200000
1268,90.371,90.542,90.370,90.467,6.734,1690884000000
1269,90.484,90.627,90.381,90.381,0.274,1690885800000
1270,90.371,90.528,90.325,90.413,25.205,1690887600000
1271,90.369,90.396,90.156,90.179,7.318,1690889400000
1272,90.207,90.315,89.898,89.978,2.681,1690891200000
1273,90.003,91.467,89.935,90.779,212.370,1690893000000
1274,90.790,91.125,90.669,91.064,103.487,1690894800000
1275,91.063,91.755,90.978,91.586,120.202,1690896600000
1276,91.665,93.990,91.665,93.428,131.584,1690898400000
1277,93.364,93.715,92.392,92.645,452.549,1690900200000
1278,92.625,93.040,92.301,92.549,168.755,1690902000000
1279,92.385,93.489,91.522,93.105,967.633,1690903800000
1280,93.100,93.789,92.673,92.740,143.081,1690905600000
1281,92.740,93.179,92.605,93.094,5.766,1690907400000
1282,93.099,93.607,93.054,93.316,13.814,1690909200000
1283,93.316,93.359,93.024,93.034,27.457,1690911000000
1284,93.035,93.170,92.838,93.052,241.277,1690912800000
1285,93.089,93.334,92.977,93.174,51.080,1690914600000
1286,93.193,93.768,93.183,93.719,63.297,1690916400000
1287,93.714,93.714,93.304,93.567,347.923,1690918200000
1288,93.596,93.721,93.023,93.039,41.585,1690920000000
1289,93.036,93.161,92.908,92.928,56.347,1690921800000
1290,92.928,93.110,92.918,93.110,163.029,1690923600000
1291,93.117,93.260,92.899,93.137,12.614,1690925400000
1292,93.108,93.321,93.012,93.294,16.332,1690927200000
1293,93.260,93.479,93.201,93.416,69.551,1690929000000
1294,93.426,93.734,93.394,93.662,95.614,1690930800000
1295,93.661,93.999,93.517,93.918,134.562,1690932600000
1296,93.955,94.621,93.446,93.561,147.082,1690934400000
1297,93.594,93.594,93.099,93.309,69.301,1690936200000
1298,93.304,93.595,93.173,93.595,272.503,1690938000000
1299,93.606,93.903,92.813,92.846,121.898,1690939800000
1300,92.966,92.982,92.180,92.924,194.128,1690941600000
1301,92.910,92.999,92.819,92.827,34.630,1690943400000
1302,92.831,93.018,92.710,92.971,79.848,1690945200000
1303,92.973,93.006,92.764,92.786,7.533,1690947000000
1304,92.793,92.842,92.180,92.532,10.255,1690948800000
1305,92.539,92.561,92.330,92.330,0.404,1690950600000
1306,92.328,92.394,92.227,92.280,45.374,1690952400000
1307,92.293,92.453,92.284,92.323,19.721,1690954200000
1308,92.289,92.449,92.183,92.261,49.754,1690956000000
1309,92.255,92.281,91.404,91.431,17.731,1690957800000
1310,91.444,91.732,91.444,91.458,9.582,1690959600000
1311,91.503,91.522,90.662,90.814,135.401,1690961400000
1312,90.762,90.846,90.144,90.381,73.399,1690963200000
1313,90.350,91.015,90.204,90.947,62.075,1690965000000
1314,90.963,91.283,90.963,91.178,18.998,1690966800000
1315,91.182,91.185,90.859,91.057,28.741,1690968600000
1316,91.032,91.115,90.952,91.035,30.055,1690970400000
1317,91.035,91.474,90.956,91.474,54.263,1690972200000
1318,91.473,91.473,91.191,91.284,0.275,1690974000000
1319,91.284,91.440,91.195,91.353,0.209,1690975800000
1320,91.315,91.315,90.858,90.968,6.402,1690977600000
1321,91.007,91.043,90.672,90.908,51.115,1690979400000
1322,90.922,91.078,90.830,91.002,280.289,1690981200000
1323,90.927,90.950,90.500,90.775,14.336,1690983000000
1324,90.706,90.706,88.739,89.680,532.016,1690984800000
1325,89.739,89.739,88.315,89.083,580.638,1690986600000
1326,89.011,89.355,88.806,89.274,409.348,1690988400000
1327,89.295,90.092,88.827,89.017,458.113,1690990200000
1328,88.995,89.178,88.166,88.450,464.533,1690992000000
1329,88.445,88.849,85.912,86.915,1139.240,1690993800000
1330,86.900,87.513,86.702,87.040,175.909,1690995600000
1331,87.000,87.423,86.796,86.924,66.841,1690997400000
1332,86.823,87.963,86.735,87.820,619.350,1690999200000
1333,87.826,87.834,87.386,87.550,149.322,1691001000000
1334,87.583,87.732,87.412,87.709,24.649,1691002800000
1335,87.725,88.091,87.606,87.782,45.931,1691004600000
1336,87.743,87.952,87.497,87.575,24.057,1691006400000
1337,87.645,87.864,87.446,87.476,17.945,1691008200000
1338,87.514,87.636,87.131,87.615,409.651,1691010000000
1339,87.606,87.744,87.569,87.704,5.639,1691011800000
1340,87.705,87.770,87.484,87.573,4.229,1691013600000
1341,87.580,87.580,87.145,87.178,2.640,1691015400000
1342,87.197,87.477,87.097,87.477,4.310,1691017200000
1343,87.469,87.582,87.185,87.541,13.939,1691019000000
1344,87.505,87.917,87.256,87.704,4.844,1691020800000
1345,87.704,87.935,87.580,87.609,21.975,1691022600000
1346,87.622,87.837,87.553,87.837,1.845,1691024400000
1347,87.872,88.336,87.832,88.336,11.828,1691026200000
1348,88.364,88.364,87.921,87.921,1.484,1691028000000
1349,87.923,88.094,87.823,88.010,65.612,1691029800000
1350,88.034,88.034,87.588,87.653,18.350,1691031600000
1351,87.623,87.636,87.369,87.429,41.115,1691033400000
1352,87.453,87.465,86.835,86.923,77.807,1691035200000
1353,86.933,87.033,86.453,87.012,139.306,1691037000000
1354,87.012,87.067,86.447,86.632,340.315,1691038800000
1355,86.609,86.857,86.609,86.721,24.941,1691040600000
1356,86.738,86.752,85.829,86.070,145.112,1691042400000
1357,86.094,86.477,86.042,86.316,40.207,1691044200000
1358,86.281,86.567,86.114,86.208,43.323,1691046000000
1359,86.256,86.396,85.616,85.856,132.264,1691047800000
1360,85.921,86.359,85.768,86.237,182.639,1691049600000
1361,86.185,86.352,85.841,86.032,180.017,1691051400000
1362,86.061,86.227,85.924,85.945,14.005,1691053200000
1363,85.971,86.171,85.786,86.082,101.150,1691055000000
1364,86.076,86.498,86.074,86.498,0.767,1691056800000
1365,86.503,86.671,86.355,86.397,138.571,1691058600000
1366,86.413,86.472,86.096,86.166,63.549,1691060400000
1367,86.166,86.433,86.159,86.374,14.522,1691062200000
1368,86.381,86.475,85.984,86.084,30.211,1691064000000
1369,86.085,86.167,85.840,86.052,70.510,1691065800000
1370,86.052,86.401,86.052,86.106,27.231,1691067600000
1371,86.170,86.475,85.998,86.453,66.245,1691069400000
1372,86.442,86.638,86.282,86.340,18.833,1691071200000
1373,86.350,86.891,86.350,86.882,49.391,1691073000000
1374,86.867,86.967,86.181,86.274,92.453,1691074800000
1375,86.272,86.527,86.260,86.395,3.428,1691076600000
1376,86.389,86.610,86.309,86.608,16.122,1691078400000
1377,86.600,86.736,86.398,86.585,13.627,1691080200000
1378,86.572,86.954,86.483,86.501,13.112,1691082000000
1379,86.501,86.503,86.123,86.192,21.086,1691083800000
1380,86.157,86.233,85.907,86.085,27.468,1691085600000
1381,86.067,86.284,86.050,86.284,15.088,1691087400000
1382,86.269,86.294,86.002,86.054,62.578,1691089200000
1383,86.075,86.278,86.052,86.210,22.745,1691091000000
1384,86.242,86.516,86.191,86.509,0.472,1691092800000
1385,86.515,86.542,85.949,86.003,16.197,1691094600000
1386,86.003,86.093,85.753,86.089,2.759,1691096400000
1387,86.063,86.138,85.624,85.814,4.215,1691098200000
1388,85.783,85.842,80.591,83.378,1139.296,1691100000000
1389,83.382,83.646,83.250,83.568,285.900,1691101800000
1390,83.576,83.576,82.846,82.868,168.635,1691103600000
1391,82.869,83.108,82.529,82.529,218.017,1691105400000
1392,82.506,83.137,82.494,82.772,61.152,1691107200000
1393,82.755,83.359,82.626,83.175,162.830,1691109000000
1394,83.191,83.246,82.769,82.861,126.220,1691110800000
1395,82.856,83.176,82.856,82.980,0.576,1691112600000
1396,82.980,83.102,82.712,83.006,161.536,1691114400000
1397,83.004,83.129,83.003,83.003,38.294,1691116200000
1398,82.980,83.094,82.825,82.996,53.323,1691118000000
1399,83.045,83.072,82.733,82.815,147.422,1691119800000
1400,82.880,82.925,82.590,82.727,198.698,1691121600000
1401,82.700,83.068,82.491,83.043,106.934,1691123400000
1402,83.032,83.150,82.927,82.999,2.863,1691125200000
1403,82.960,83.157,82.960,83.096,0.328,1691127000000
1404,83.096,83.211,82.985,83.054,0.251,1691128800000
1405,83.072,83.072,82.797,82.797,327.464,1691130600000
1406,82.783,83.063,82.720,82.821,65.426,1691132400000
1407,82.818,82.972,82.769,82.886,0.702,1691134200000
1408,82.935,83.101,82.792,82.946,0.462,1691136000000
1409,82.946,82.980,82.802,82.832,2.244,1691137800000
1410,82.859,83.124,82.792,83.124,2.155,1691139600000
1411,83.126,83.268,83.016,83.210,6.834,1691141400000
1412,83.245,83.460,83.154,83.378,34.003,1691143200000
1413,83.375,83.421,83.174,83.297,40.369,1691145000000
1414,83.297,83.297,83.073,83.150,75.798,1691146800000
1415,83.135,83.221,82.965,83.058,2.760,1691148600000
1416,83.030,83.187,82.925,83.187,84.759,1691150400000
1417,83.165,83.626,82.900,83.376,335.092,1691152200000
1418,83.401,83.501,83.293,83.348,2.441,1691154000000
1419,83.330,83.868,83.330,83.599,37.729,1691155800000
1420,83.568,83.646,83.266,83.614,0.882,1691157600000
1421,83.634,83.853,83.524,83.601,0.583,1691159400000
1422,83.622,83.679,83.520,83.621,16.304,1691161200000
1423,83.646,83.661,83.303,83.369,53.220,1691163000000
1424,83.380,83.530,83.205,83.494,4.279,1691164800000
1425,83.480,83.642,83.347,83.599,106.177,1691166600000
1426,83.600,83.666,83.444,83.461,45.371,1691168400000
1427,83.476,83.510,83.380,83.385,25.637,1691170200000
1428,83.389,83.389,81.703,82.186,293.146,1691172000000
1429,82.174,82.316,80.999,81.492,551.215,1691173800000
1430,81.541,82.010,81.541,81.824,15.921,1691175600000
1431,81.836,82.231,81.799,82.209,72.424,1691177400000
1432,82.155,82.576,82.155,82.472,62.669,1691179200000
1433,82.469,82.503,81.124,82.153,1075.605,1691181000000
1434,82.142,82.601,82.114,82.318,127.986,1691182800000
1435,82.313,82.425,82.012,82.061,28.901,1691184600000
1436,82.059,82.167,82.033,82.097,76.921,1691186400000
1437,82.048,82.133,81.884,81.984,27.714,1691188200000
1438,81.999,82.213,81.964,82.047,23.260,1691190000000
1439,82.034,82.343,81.988,82.262,106.115,1691191800000
1440,82.253,82.486,82.138,82.398,83.659,1691193600000
1441,82.397,82.548,82.330,82.335,7.850,1691195400000
1442,82.335,82.511,82.086,82.097,18.987,1691197200000
1443,82.109,82.147,81.405,81.540,0.210,1691199000000
1444,81.561,81.770,81.539,81.725,0.083,1691200800000
1445,81.717,82.047,81.716,81.948,0.084,1691202600000
1446,81.968,82.329,81.968,82.303,5.058,1691204400000
1447,82.279,82.279,82.143,82.225,0.070,1691206200000
1448,82.252,82.303,82.087,82.119,0.841,1691208000000
1449,82.147,82.147,81.865,82.098,38.315,1691209800000
1450,82.081,82.140,81.860,82.140,34.144,1691211600000
1451,82.149,82.370,82.145,82.350,0.079,1691213400000
1452,82.350,82.402,82.166,82.329,54.690,1691215200000
1453,82.329,82.496,82.325,82.340,202.318,1691217000000
1454,82.340,82.465,82.231,82.231,12.538,1691218800000
1455,82.230,82.503,82.194,82.337,14.949,1691220600000
1456,82.330,82.382,82.211,82.231,11.432,1691222400000
1457,82.246,82.464,82.246,82.355,5.194,1691224200000
1458,82.354,82.668,82.338,82.505,84.984,1691226000000
1459,82.505,82.649,82.353,82.408,10.268,1691227800000
1460,82.365,82.548,82.340,82.448,55.046,1691229600000
1461,82.443,82.500,82.274,82.449,71.646,1691231400000
1462,82.458,82.643,82.420,82.587,45.898,1691233200000
1463,82.578,82.660,82.381,82.392,7.524,1691235000000
1464,82.385,82.524,82.262,82.475,19.501,1691236800000
1465,82.470,82.508,82.238,82.238,6.160,1691238600000
1466,82.236,82.523,82.227,82.491,51.824,1691240400000
1467,82.474,82.558,82.334,82.551,26.372,1691242200000
1468,82.548,83.160,82.540,82.977,164.682,1691244000000
1469,82.985,82.991,82.622,82.896,37.625,1691245800000
1470,82.922,83.068,82.491,82.491,25.937,1691247600000
1471,82.480,82.725,82.361,82.698,397.507,1691249400000
1472,82.709,82.822,82.381,82.388,12.636,1691251200000
1473,82.416,82.527,82.311,82.412,101.888,1691253000000
1474,82.412,82.916,82.395,82.802,61.625,1691254800000
1475,82.827,82.836,82.590,82.686,172.968,1691256600000
1476,82.685,82.915,82.611,82.867,16.844,1691258400000
1477,82.849,83.091,82.801,82.988,36.859,1691260200000
1478,82.955,83.171,82.943,83.019,90.023,1691262000000
1479,83.015,83.015,82.782,82.782,87.019,1691263800000
1480,82.803,82.919,82.777,82.844,0.736,1691265600000
1481,82.840,82.853,82.684,82.739,17.489,1691267400000
1482,82.728,82.941,82.635,82.914,37.698,1691269200000
1483,82.900,83.078,82.888,82.908,0.225,1691271000000
1484,82.938,83.143,82.931,83.143,0.253,1691272800000
1485,83.160,83.431,83.153,83.296,149.520,1691274600000
1486,83.296,83.300,83.121,83.224,43.407,1691276400000
1487,83.223,83.234,83.110,83.190,8.231,1691278200000
1488,83.190,83.375,83.069,83.356,2.444,1691280000000
1489,83.350,83.402,83.173,83.264,0.393,1691281800000
1490,83.270,83.270,82.960,82.960,0.116,1691283600000
1491,82.951,83.020,82.815,82.866,0.317,1691285400000
1492,82.883,83.498,82.829,83.436,2.026,1691287200000
1493,83.435,83.435,83.257,83.308,0.122,1691289000000
1494,83.302,83.362,83.161,83.312,110.572,1691290800000
1495,83.311,83.382,83.234,83.332,33.667,1691292600000
1496,83.373,83.394,83.227,83.296,0.257,1691294400000
1497,83.297,83.455,83.273,83.416,0.129,1691296200000
1498,83.437,83.496,83.362,83.377,0.133,1691298000000
1499,83.377,83.460,83.233,83.427,0.138,1691299800000
1500,83.445,83.475,83.249,83.360,3.752,1691301600000
1501,83.377,83.377,83.153,83.274,15.607,1691303400000
1502,83.266,83.295,83.145,83.193,0.137,1691305200000
1503,83.203,83.354,83.139,83.292,31.320,1691307000000
1504,83.341,83.490,83.236,83.423,144.253,1691308800000
1505,83.428,83.520,83.361,83.430,12.464,1691310600000
1506,83.423,83.423,83.251,83.266,151.374,1691312400000
1507,83.258,83.405,83.258,83.405,21.064,1691314200000
1508,83.406,83.413,83.223,83.243,0.072,1691316000000
1509,83.240,83.242,83.093,83.226,0.083,1691317800000
1510,83.239,83.368,83.212,83.329,30.071,1691319600000
1511,83.329,83.434,83.281,83.406,0.213,1691321400000
1512,83.391,83.439,83.263,83.275,0.068,1691323200000
1513,83.280,83.291,83.096,83.176,0.470,1691325000000
1514,83.148,83.162,82.921,82.966,29.767,1691326800000
1515,82.976,83.224,82.976,83.005,2.976,1691328600000
1516,83.005,83.060,82.393,82.723,202.456,1691330400000
1517,82.719,82.941,82.674,82.793,25.279,1691332200000
1518,82.794,82.887,82.467,82.467,56.704,1691334000000
1519,82.463,82.546,81.962,82.055,166.451,1691335800000
1520,82.035,82.393,82.035,82.291,3.898,1691337600000
1521,82.339,82.706,82.339,82.627,16.961,1691339400000
1522,82.625,82.671,82.517,82.571,25.944,1691341200000
1523,82.567,82.745,82.510,82.529,11.091,1691343000000
1524,82.543,82.658,82.500,82.569,73.554,1691344800000
1525,82.568,82.778,82.568,82.628,16.480,1691346600000
1526,82.635,82.811,82.603,82.669,5.915,1691348400000
1527,82.694,82.729,82.634,82.708,0.146,1691350200000
1528,82.708,82.742,82.547,82.547,0.387,1691352000000
1529,82.581,82.991,82.581,82.958,3.728,1691353800000
1530,83.016,83.290,83.008,83.186,3.728,1691355600000
1531,83.206,83.206,82.565,82.590,3.913,1691357400000
1532,82.602,82.939,82.574,82.886,0.268,1691359200000
1533,82.886,82.955,82.534,82.574,17.376,1691361000000
1534,82.563,82.612,82.280,82.504,149.346,1691362800000
1535,82.481,82.628,82.400,82.595,25.505,1691364600000
1536,82.570,82.742,82.524,82.561,0.467,1691366400000
1537,82.546,82.568,82.192,82.282,68.941,1691368200000
1538,82.318,83.264,82.318,83.220,42.971,1691370000000
1539,83.216,83.269,82.956,83.072,39.574,1691371800000
1540,83.109,83.178,82.970,83.069,0.588,1691373600000
1541,83.080,83.371,82.971,83.337,22.671,1691375400000
1542,83.376,83.425,83.181,83.318,3.983,1691377200000
1543,83.376,83.376,83.149,83.183,126.067,1691379000000
1544,83.193,83.355,83.085,83.355,14.260,1691380800000
1545,83.349,83.377,83.056,83.120,6.768,1691382600000
1546,83.134,83.204,82.986,83.057,39.084,1691384400000
1547,83.042,83.112,82.984,82.986,0.124,1691386200000
1548,82.977,82.977,82.567,82.671,107.166,1691388000000
1549,82.657,82.721,82.258,82.313,8.414,1691389800000
1550,82.297,82.659,82.297,82.564,2.057,1691391600000
1551,82.593,82.687,82.452,82.655,1.715,1691393400000
1552,82.655,82.686,82.534,82.671,1.016,1691395200000
1553,82.644,82.697,82.541,82.541,79.011,1691397000000
1554,82.532,82.777,82.484,82.777,20.849,1691398800000
1555,82.798,83.008,82.798,82.819,51.930,1691400600000
1556,82.809,82.897,82.736,82.850,40.511,1691402400000
1557,82.852,83.207,82.831,83.158,49.960,1691404200000
1558,83.163,83.171,82.979,83.065,35.146,1691406000000
1559,83.076,83.142,82.931,83.006,12.419,1691407800000
1560,83.028,83.080,82.656,82.675,19.054,1691409600000
1561,82.697,83.051,82.682,82.784,36.308,1691411400000
1562,82.770,82.861,82.500,82.686,30.535,1691413200000
1563,82.670,82.768,82.487,82.500,0.633,1691415000000
1564,82.500,82.600,82.049,82.134,19.767,1691416800000
1565,82.100,82.435,82.059,82.358,0.683,1691418600000
1566,82.363,82.433,81.771,81.933,2.958,1691420400000
1567,81.911,81.911,81.331,81.757,41.730,1691422200000
1568,81.761,81.810,79.499,81.286,527.326,1691424000000
1569,81.309,81.309,80.398,80.651,0.523,1691425800000
1570,80.690,81.150,80.639,80.855,113.332,1691427600000
1571,80.931,81.041,80.568,81.041,53.997,1691429400000
1572,81.022,82.049,80.998,81.760,57.402,1691431200000
1573,81.793,81.904,81.403,81.431,32.403,1691433000000
1574,81.430,81.600,81.368,81.390,19.729,1691434800000
1575,81.359,81.833,81.349,81.823,18.722,1691436600000
1576,81.869,81.971,81.688,81.839,4.370,1691438400000
1577,81.833,82.058,81.797,82.048,5.513,1691440200000
1578,82.048,82.437,81.989,82.433,301.166,1691442000000
1579,82.431,82.442,82.033,82.221,3.987,1691443800000
1580,82.221,82.365,82.190,82.285,0.317,1691445600000
1581,82.285,82.533,82.271,82.416,0.145,1691447400000
1582,82.430,82.665,82.281,82.309,47.184,1691449200000
1583,82.326,82.489,82.239,82.476,3.983,1691451000000
1584,82.493,82.571,82.275,82.275,4.475,1691452800000
1585,82.281,82.637,82.167,82.637,0.555,1691454600000
1586,82.621,82.621,82.129,82.141,28.631,1691456400000
1587,82.114,82.158,81.825,81.872,134.769,1691458200000
1588,81.873,82.262,81.787,82.164,17.166,1691460000000
1589,82.172,82.331,82.127,82.168,10.680,1691461800000
1590,82.157,82.321,82.152,82.245,103.111,1691463600000
1591,82.246,82.346,82.172,82.322,77.305,1691465400000
1592,82.349,82.746,82.197,82.625,67.632,1691467200000
1593,82.640,83.077,82.640,82.777,99.109,1691469000000
1594,82.808,82.879,82.639,82.770,5.747,1691470800000
1595,82.741,82.946,82.638,82.742,2.775,1691472600000
1596,82.734,82.884,82.648,82.872,0.137,1691474400000
1597,82.871,82.910,82.530,82.530,183.133,1691476200000
1598,82.646,82.646,82.503,82.582,59.285,1691478000000
1599,82.547,82.632,82.345,82.417,82.152,1691479800000
1600,82.394,82.533,82.364,82.533,14.328,1691481600000
1601,82.520,82.531,82.351,82.423,20.468,1691483400000
1602,82.423,82.485,82.281,82.402,7.773,1691485200000
1603,82.435,82.567,82.434,82.486,13.664,1691487000000
1604,82.486,82.596,82.473,82.528,3.731,1691488800000
1605,82.527,82.883,82.527,82.872,10.935,1691490600000
1606,82.909,82.987,82.708,82.955,3.888,1691492400000
1607,82.935,83.195,82.871,83.195,37.058,1691494200000
1608,83.232,83.234,82.941,83.094,35.787,1691496000000
1609,83.051,83.748,82.952,83.742,73.358,1691497800000
1610,83.742,83.825,83.310,83.373,4.628,1691499600000
1611,83.364,83.411,82.834,82.959,54.309,1691501400000
1612,82.926,83.144,82.863,83.137,0.732,1691503200000
1613,83.152,83.496,83.127,83.342,10.076,1691505000000
1614,83.340,83.778,83.340,83.778,33.332,1691506800000
1615,83.781,84.563,83.781,84.013,317.815,1691508600000
1616,84.005,84.336,83.962,84.180,46.356,1691510400000
1617,84.203,85.170,84.203,84.954,41.743,1691512200000
1618,84.954,85.412,84.647,84.673,105.133,1691514000000
1619,84.651,84.752,84.427,84.591,72.961,1691515800000
1620,84.533,85.123,84.514,84.835,54.652,1691517600000
1621,84.835,84.967,84.020,84.355,63.065,1691519400000
1622,84.351,84.581,84.169,84.307,144.791,1691521200000
1623,84.362,84.493,84.292,84.299,53.208,1691523000000
1624,84.347,84.465,84.207,84.411,0.195,1691524800000
1625,84.391,84.440,84.146,84.152,5.386,1691526600000
1626,84.179,84.884,84.167,84.167,74.347,1691528400000
1627,84.132,84.573,83.871,84.270,82.647,1691530200000
1628,84.278,84.297,83.919,84.014,20.156,1691532000000
1629,84.027,84.088,83.820,83.920,52.017,1691533800000
1630,83.942,84.179,83.920,84.122,3.887,1691535600000
1631,84.093,84.094,83.877,83.906,15.321,1691537400000
1632,83.871,84.139,83.804,84.110,8.024,1691539200000
1633,84.170,84.316,84.002,84.002,25.556,1691541000000
1634,84.018,84.341,83.861,84.337,3.695,1691542800000
1635,84.342,84.370,84.221,84.263,0.256,1691544600000
1636,84.253,84.309,83.762,83.785,3.909,1691546400000
1637,83.763,83.943,83.651,83.740,44.544,1691548200000
1638,83.657,83.788,83.558,83.730,0.301,1691550000000
1639,83.700,83.780,83.646,83.769,0.230,1691551800000
1640,83.770,83.926,83.703,83.925,9.854,1691553600000
1641,83.929,84.112,83.929,84.059,0.085,1691555400000
1642,84.051,84.092,84.001,84.047,0.065,1691557200000
1643,84.046,84.125,83.888,84.099,12.095,1691559000000
1644,84.100,84.183,83.686,83.705,0.579,1691560800000
1645,83.704,83.893,83.640,83.852,0.147,1691562600000
1646,83.842,84.012,83.842,83.970,0.498,1691564400000
1647,83.974,84.121,83.940,84.056,3.836,1691566200000
1648,84.066,84.129,84.011,84.028,5.486,1691568000000
1649,84.043,84.232,83.940,84.134,1.140,1691569800000
1650,84.134,84.137,83.972,84.093,0.129,1691571600000
1651,84.091,84.114,83.939,83.977,0.104,1691573400000
1652,83.969,84.111,83.947,84.043,0.115,1691575200000
1653,84.014,84.270,83.880,84.252,13.893,1691577000000
1654,84.244,84.277,83.892,83.909,32.208,1691578800000
1655,83.931,84.024,83.808,83.994,10.198,1691580600000
1656,84.000,84.044,83.808,83.840,0.076,1691582400000
1657,83.835,84.581,83.835,84.552,23.618,1691584200000
1658,84.497,84.553,84.132,84.229,0.203,1691586000000
1659,84.229,84.231,83.880,83.910,3.812,1691587800000
1660,83.898,84.070,83.666,83.925,16.180,1691589600000
1661,83.912,84.135,83.528,83.528,0.835,1691591400000
1662,83.530,83.709,83.451,83.589,0.952,1691593200000
1663,83.590,83.708,83.454,83.623,0.155,1691595000000
1664,83.620,83.662,83.465,83.534,0.142,1691596800000
1665,83.536,83.626,83.255,83.376,4.151,1691598600000
1666,83.395,83.669,83.266,83.525,0.236,1691600400000
1667,83.491,83.643,83.420,83.512,0.248,1691602200000
1668,83.521,83.863,83.486,83.863,0.326,1691604000000
1669,83.873,83.968,83.780,83.798,0.088,1691605800000
1670,83.798,83.934,83.689,83.910,0.514,1691607600000
1671,83.926,83.965,83.544,83.636,7.754,1691609400000
1672,83.615,83.817,83.523,83.790,0.650,1691611200000
1673,83.797,83.940,83.791,83.854,0.066,1691613000000
1674,83.854,83.854,83.283,83.686,0.145,1691614800000
1675,83.702,83.777,83.508,83.704,0.908,1691616600000
1676,83.706,83.827,83.639,83.699,0.445,1691618400000
1677,83.717,83.966,83.672,83.962,0.483,1691620200000
1678,83.946,84.138,83.885,84.124,0.069,1691622000000
1679,84.147,84.234,84.058,84.058,2.406,1691623800000
