,o,h,l,c,v,t
0,0.67061,0.67116,0.66777,0.67077,6814.8,1688601600000
1,0.67090,0.67090,0.66575,0.66576,2562.1,1688603400000
2,0.66639,0.66811,0.66318,0.66481,4406.4,1688605200000
3,0.66466,0.67079,0.66454,0.67079,566.9,1688607000000
4,0.67055,0.67310,0.66830,0.66886,3576.3,1688608800000
5,0.66919,0.67004,0.66726,0.66768,322.0,1688610600000
6,0.66771,0.67038,0.66708,0.67026,21466.0,1688612400000
7,0.67032,0.67166,0.67003,0.67104,805.8,1688614200000
8,0.67109,0.67247,0.67033,0.67157,5465.7,1688616000000
9,0.67155,0.67159,0.66869,0.66869,361.5,1688617800000
10,0.66899,0.67210,0.66841,0.67148,2354.0,1688619600000
11,0.67137,0.67802,0.67123,0.67759,8636.2,1688621400000
12,0.67778,0.67851,0.67489,0.67699,6039.5,1688623200000
13,0.67722,0.68189,0.67711,0.68100,8854.2,1688625000000
14,0.68109,0.68242,0.67979,0.68165,16018.3,1688626800000
15,0.68199,0.68630,0.68076,0.68126,14633.5,1688628600000
16,0.68149,0.68301,0.68000,0.68091,16581.3,1688630400000
17,0.68089,0.69260,0.68089,0.69129,23545.7,1688632200000
18,0.69151,0.69632,0.68982,0.69513,19620.7,1688634000000
19,0.69538,0.69570,0.68799,0.68801,24099.2,1688635800000
20,0.68804,0.69293,0.68679,0.69211,8954.8,1688637600000
21,0.69262,0.69912,0.69115,0.69760,16563.2,1688639400000
22,0.69880,0.69971,0.69647,0.69900,13454.2,1688641200000
23,0.69867,0.69936,0.68586,0.68882,106802.5,1688643000000
24,0.68874,0.69006,0.68000,0.68425,13338.6,1688644800000
25,0.68468,0.68489,0.67584,0.67951,6374.9,1688646600000
26,0.67907,0.68175,0.67811,0.67934,10457.8,1688648400000
27,0.67912,0.67912,0.66878,0.66881,8424.0,1688650200000
28,0.67024,0.67488,0.64966,0.65022,54055.3,1688652000000
29,0.64974,0.66048,0.64787,0.66048,29192.7,1688653800000
30,0.66016,0.66673,0.65736,0.66554,26518.1,1688655600000
31,0.66551,0.67283,0.66420,0.66975,12164.5,1688657400000
32,0.66912,0.67022,0.66615,0.66767,21040.9,1688659200000
33,0.66767,0.66797,0.66079,0.66425,9852.6,1688661000000
34,0.66462,0.66722,0.66419,0.66590,4881.2,1688662800000
35,0.66627,0.67136,0.66592,0.67133,15456.6,1688664600000
36,0.67131,0.68842,0.67131,0.67827,44121.4,1688666400000
37,0.67858,0.68338,0.67525,0.68238,5868.1,1688668200000
38,0.68240,0.68240,0.67570,0.67664,13709.2,1688670000000
39,0.67688,0.67700,0.67280,0.67442,11243.1,1688671800000
40,0.67489,0.67851,0.67453,0.67708,2802.6,1688673600000
41,0.67713,0.67863,0.67459,0.67800,2100.9,1688675400000
42,0.67793,0.67793,0.67079,0.67190,8338.4,1688677200000
43,0.67211,0.67270,0.66952,0.67129,33463.0,1688679000000
44,0.67112,0.67384,0.66968,0.67228,2300.8,1688680800000
45,0.67227,0.67371,0.66743,0.66970,3046.8,1688682600000
46,0.66982,0.66985,0.66283,0.66796,7872.7,1688684400000
47,0.66791,0.66791,0.66049,0.66073,2182.0,1688686200000
48,0.66060,0.66590,0.65317,0.65993,27482.0,1688688000000
49,0.66026,0.66426,0.65834,0.66219,2483.5,1688689800000
50,0.66174,0.66382,0.66070,0.66205,3017.0,1688691600000
51,0.66221,0.66860,0.66098,0.66770,3658.2,1688693400000
52,0.66694,0.66886,0.66611,0.66833,1296.7,1688695200000
53,0.66841,0.67070,0.66744,0.66998,788.8,1688697000000
54,0.67015,0.67239,0.66743,0.67008,2294.5,1688698800000
55,0.67025,0.67218,0.66989,0.67188,305.4,1688700600000
56,0.67212,0.67268,0.66694,0.66716,2944.6,1688702400000
57,0.66719,0.66719,0.66121,0.66122,5256.1,1688704200000
58,0.66121,0.66734,0.65811,0.66557,2114.6,1688706000000
59,0.66560,0.66786,0.66480,0.66502,7080.7,1688707800000
60,0.66510,0.66557,0.66279,0.66420,1620.3,1688709600000
61,0.66405,0.66605,0.66381,0.66381,585.7,1688711400000
62,0.66388,0.66597,0.66359,0.66365,1772.6,1688713200000
63,0.66350,0.66469,0.65814,0.66061,18411.1,1688715000000
64,0.66042,0.66421,0.65880,0.66156,8038.6,1688716800000
65,0.66180,0.66371,0.66103,0.66119,3833.5,1688718600000
66,0.66126,0.66602,0.66101,0.66592,723.5,1688720400000
67,0.66595,0.66831,0.66583,0.66659,2129.3,1688722200000
68,0.66688,0.66710,0.66422,0.66630,941.9,1688724000000
69,0.66691,0.66970,0.66651,0.66938,2337.4,1688725800000
70,0.66949,0.67061,0.66808,0.67013,4700.0,1688727600000
71,0.67015,0.67127,0.66830,0.66830,1363.8,1688729400000
72,0.66834,0.67107,0.66469,0.66498,17316.8,1688731200000
73,0.66506,0.67431,0.66506,0.67087,16465.2,1688733000000
74,0.67089,0.67560,0.66873,0.67539,5497.1,1688734800000
75,0.67431,0.67901,0.67410,0.67901,36679.7,1688736600000
76,0.67928,0.68024,0.67517,0.67734,20581.9,1688738400000
77,0.67585,0.67824,0.67530,0.67530,6130.0,1688740200000
78,0.67533,0.67643,0.67268,0.67379,16025.3,1688742000000
79,0.67398,0.67509,0.67319,0.67490,3684.1,1688743800000
80,0.67509,0.67737,0.67360,0.67601,5144.6,1688745600000
81,0.67611,0.67754,0.67456,0.67610,8827.8,1688747400000
82,0.67572,0.67687,0.67424,0.67531,5845.6,1688749200000
83,0.67520,0.67520,0.67120,0.67488,6500.1,1688751000000
84,0.67485,0.67530,0.67260,0.67262,5935.8,1688752800000
85,0.67262,0.67305,0.66843,0.66860,6581.1,1688754600000
86,0.66896,0.67213,0.66850,0.67126,3727.4,1688756400000
87,0.67146,0.67284,0.67144,0.67256,2738.8,1688758200000
88,0.67243,0.67284,0.67095,0.67139,5208.1,1688760000000
89,0.67135,0.67346,0.67110,0.67299,5000.4,1688761800000
90,0.67304,0.67760,0.67304,0.67739,2980.1,1688763600000
91,0.67727,0.67743,0.67409,0.67419,5786.7,1688765400000
92,0.67467,0.67580,0.67324,0.67438,1896.4,1688767200000
93,0.67440,0.67629,0.67439,0.67629,3820.1,1688769000000
94,0.67636,0.67744,0.67547,0.67626,1345.0,1688770800000
95,0.67627,0.67688,0.67492,0.67665,2736.8,1688772600000
96,0.67686,0.67821,0.67598,0.67795,2826.9,1688774400000
97,0.67778,0.67851,0.67678,0.67851,3441.1,1688776200000
98,0.67848,0.68164,0.67734,0.68164,582.6,1688778000000
99,0.68174,0.68215,0.67926,0.68124,5906.4,1688779800000
100,0.68147,0.68148,0.67976,0.68048,1365.1,1688781600000
101,0.68033,0.68356,0.68005,0.68244,9046.3,1688783400000
102,0.68230,0.68230,0.67790,0.67790,13099.0,1688785200000
103,0.67802,0.67821,0.67652,0.67673,10740.9,1688787000000
104,0.67676,0.67756,0.67549,0.67737,2095.6,1688788800000
105,0.67742,0.67856,0.67725,0.67856,81.9,1688790600000
106,0.67862,0.67866,0.67546,0.67687,4902.2,1688792400000
107,0.67689,0.67873,0.67615,0.67864,1502.8,1688794200000
108,0.67848,0.67905,0.67478,0.67532,1538.6,1688796000000
109,0.67546,0.67744,0.67429,0.67710,7034.6,1688797800000
110,0.67710,0.67896,0.67647,0.67875,4238.7,1688799600000
111,0.67870,0.67952,0.67824,0.67927,151.0,1688801400000
112,0.67939,0.68276,0.67842,0.68247,1826.6,1688803200000
113,0.68263,0.68637,0.68179,0.68218,3926.3,1688805000000
114,0.68228,0.68268,0.68005,0.68034,484.0,1688806800000
115,0.68024,0.68174,0.67910,0.68164,7510.1,1688808600000
116,0.68163,0.68239,0.68097,0.68198,6784.3,1688810400000
117,0.68160,0.68404,0.68059,0.68398,2626.7,1688812200000
118,0.68397,0.68623,0.67851,0.68091,3240.5,1688814000000
119,0.68081,0.68304,0.67879,0.68247,1478.3,1688815800000
120,0.68280,0.68281,0.67949,0.68163,1103.0,1688817600000
121,0.68168,0.68230,0.67816,0.67816,1817.6,1688819400000
122,0.67818,0.68101,0.67818,0.68079,1417.9,1688821200000
123,0.68083,0.68083,0.67870,0.67948,3922.0,1688823000000
124,0.67984,0.68244,0.67847,0.68155,2853.5,1688824800000
125,0.68148,0.68252,0.67984,0.68034,2617.6,1688826600000
126,0.68034,0.68036,0.67935,0.68015,2112.3,1688828400000
127,0.68010,0.68190,0.67973,0.68164,1765.6,1688830200000
128,0.68169,0.68275,0.68051,0.68178,436.2,1688832000000
129,0.68213,0.68316,0.68076,0.68158,777.7,1688833800000
130,0.68137,0.68137,0.68014,0.68082,3659.0,1688835600000
131,0.68092,0.68127,0.67939,0.68035,3879.4,1688837400000
132,0.68032,0.68032,0.67873,0.67880,1162.4,1688839200000
133,0.67872,0.68110,0.67872,0.68006,247.7,1688841000000
134,0.68008,0.68016,0.67303,0.67454,6608.7,1688842800000
135,0.67431,0.67637,0.67276,0.67450,1765.6,1688844600000
136,0.67473,0.67490,0.67099,0.67190,1888.6,1688846400000
137,0.67184,0.67420,0.67104,0.67398,11999.1,1688848200000
138,0.67412,0.67489,0.67273,0.67477,196.5,1688850000000
139,0.67501,0.67667,0.67487,0.67654,2303.5,1688851800000
140,0.67654,0.67759,0.67627,0.67725,2518.1,1688853600000
141,0.67741,0.67919,0.67646,0.67891,2390.7,1688855400000
142,0.67878,0.67926,0.67777,0.67903,9148.7,1688857200000
143,0.67941,0.68038,0.67840,0.67969,726.5,1688859000000
144,0.67987,0.68011,0.67800,0.67875,1910.4,1688860800000
145,0.67878,0.68600,0.67878,0.68561,2566.5,1688862600000
146,0.68570,0.68969,0.68570,0.68729,10635.0,1688864400000
147,0.68729,0.68807,0.68487,0.68708,2164.0,1688866200000
148,0.68710,0.68740,0.68538,0.68548,5367.4,1688868000000
149,0.68552,0.68608,0.68397,0.68519,2440.5,1688869800000
150,0.68508,0.68685,0.68478,0.68613,1978.2,1688871600000
151,0.68628,0.68974,0.68628,0.68969,1368.4,1688873400000
152,0.68989,0.69001,0.68728,0.68817,3127.1,1688875200000
153,0.68780,0.68814,0.68672,0.68672,1369.3,1688877000000
154,0.68677,0.68723,0.68584,0.68608,775.7,1688878800000
155,0.68589,0.68681,0.68524,0.68544,221.7,1688880600000
156,0.68526,0.68673,0.68444,0.68449,1662.4,1688882400000
157,0.68433,0.68583,0.68371,0.68376,1171.4,1688884200000
158,0.68378,0.68524,0.68256,0.68432,12359.6,1688886000000
159,0.68437,0.68457,0.68046,0.68222,2594.7,1688887800000
160,0.68199,0.68408,0.68160,0.68290,9107.8,1688889600000
161,0.68293,0.68477,0.68254,0.68449,4737.4,1688891400000
162,0.68435,0.68494,0.68300,0.68321,273.1,1688893200000
163,0.68342,0.68523,0.68264,0.68506,9968.3,1688895000000
164,0.68552,0.68829,0.68552,0.68804,2756.1,1688896800000
165,0.68886,0.68960,0.68701,0.68901,2253.6,1688898600000
166,0.68889,0.69929,0.68728,0.69768,66230.6,1688900400000
167,0.69740,0.69952,0.69439,0.69454,69921.5,1688902200000
168,0.69489,0.69851,0.69172,0.69818,21030.0,1688904000000
169,0.69829,0.70050,0.69758,0.69798,6874.3,1688905800000
170,0.69803,0.69815,0.69320,0.69320,11421.5,1688907600000
171,0.69350,0.69350,0.69072,0.69072,7009.4,1688909400000
172,0.69064,0.69268,0.68728,0.69158,9117.7,1688911200000
173,0.69187,0.69622,0.69096,0.69205,5597.7,1688913000000
174,0.69192,0.69336,0.68990,0.69090,2037.0,1688914800000
175,0.69088,0.69576,0.69082,0.69367,3993.5,1688916600000
176,0.69350,0.69662,0.69268,0.69548,5290.2,1688918400000
177,0.69566,0.69884,0.69566,0.69789,2389.4,1688920200000
178,0.69809,0.69915,0.69525,0.69830,685.1,1688922000000
179,0.69789,0.69797,0.69578,0.69625,1642.0,1688923800000
180,0.69640,0.69653,0.69379,0.69397,1032.2,1688925600000
181,0.69396,0.69444,0.69258,0.69351,2641.6,1688927400000
182,0.69350,0.69350,0.68991,0.69081,7378.1,1688929200000
183,0.69095,0.69212,0.68993,0.69194,1424.3,1688931000000
184,0.69203,0.69312,0.69075,0.69076,2001.9,1688932800000
185,0.69061,0.69082,0.68821,0.68939,634.9,1688934600000
186,0.68976,0.69070,0.68797,0.68938,2098.1,1688936400000
187,0.68955,0.69003,0.68738,0.68860,1764.8,1688938200000
188,0.68870,0.68871,0.68489,0.68781,3951.7,1688940000000
189,0.68797,0.69239,0.68744,0.69125,1581.9,1688941800000
190,0.69139,0.69139,0.68722,0.68760,1928.6,1688943600000
191,0.68695,0.68842,0.68638,0.68826,1376.9,1688945400000
192,0.68858,0.68920,0.67456,0.67803,18664.0,1688947200000
193,0.67867,0.68285,0.67785,0.68021,1348.4,1688949000000
194,0.67960,0.68051,0.67669,0.67893,16049.4,1688950800000
195,0.67855,0.68102,0.67568,0.67572,3351.4,1688952600000
196,0.67598,0.68010,0.67598,0.68009,1917.7,1688954400000
197,0.68011,0.68367,0.67951,0.68258,840.9,1688956200000
198,0.68305,0.68509,0.68225,0.68257,871.0,1688958000000
199,0.68274,0.68355,0.68138,0.68227,475.5,1688959800000
200,0.68257,0.68260,0.68001,0.68125,829.9,1688961600000
201,0.68125,0.68408,0.68125,0.68240,244.6,1688963400000
202,0.68236,0.68324,0.67939,0.67960,442.4,1688965200000
203,0.67969,0.68039,0.67583,0.67588,1811.5,1688967000000
204,0.67594,0.67757,0.67528,0.67687,1879.2,1688968800000
205,0.67691,0.67750,0.67495,0.67540,360.0,1688970600000
206,0.67537,0.67900,0.67537,0.67745,1008.9,1688972400000
207,0.67764,0.68011,0.67634,0.67803,1176.3,1688974200000
208,0.67810,0.67829,0.67098,0.67489,2706.5,1688976000000
209,0.67453,0.67599,0.67206,0.67599,1639.3,1688977800000
210,0.67612,0.68071,0.67328,0.68051,1893.2,1688979600000
211,0.68058,0.68147,0.67879,0.68013,2055.5,1688981400000
212,0.68000,0.68115,0.67959,0.68030,506.5,1688983200000
213,0.68070,0.68288,0.68026,0.68135,1083.8,1688985000000
214,0.68140,0.68269,0.68127,0.68207,1161.0,1688986800000
215,0.68152,0.68451,0.68109,0.68349,2523.7,1688988600000
216,0.68380,0.69089,0.68380,0.69089,17534.1,1688990400000
217,0.69113,0.70441,0.69113,0.69392,56273.8,1688992200000
218,0.69458,0.69889,0.69270,0.69825,25945.9,1688994000000
219,0.69890,0.70952,0.69890,0.70622,47422.1,1688995800000
220,0.70617,0.71070,0.70261,0.70388,57274.5,1688997600000
221,0.70377,0.71026,0.70232,0.70760,12559.2,1688999400000
222,0.70761,0.71094,0.70679,0.70758,3728.0,1689001200000
223,0.70794,0.71642,0.70793,0.71248,26288.4,1689003000000
224,0.71276,0.71492,0.70789,0.70935,11420.1,1689004800000
225,0.70933,0.71859,0.70933,0.71672,16735.1,1689006600000
226,0.71626,0.74137,0.71599,0.73708,44358.3,1689008400000
227,0.73709,0.73801,0.72590,0.73080,40525.7,1689010200000
228,0.73066,0.73353,0.72943,0.72992,26441.2,1689012000000
229,0.72943,0.74054,0.72943,0.73818,55215.3,1689013800000
230,0.73853,0.74163,0.73662,0.74037,14599.9,1689015600000
231,0.74014,0.74399,0.73965,0.74088,22425.0,1689017400000
232,0.74092,0.74381,0.73500,0.73746,27060.6,1689019200000
233,0.73805,0.74838,0.73805,0.74663,17058.0,1689021000000
234,0.74633,0.74832,0.74326,0.74737,14613.8,1689022800000
235,0.74740,0.74761,0.73606,0.73747,4846.9,1689024600000
236,0.73745,0.73913,0.72817,0.73763,12201.5,1689026400000
237,0.73691,0.74069,0.73118,0.73267,41187.4,1689028200000
238,0.73314,0.73891,0.73314,0.73638,13864.6,1689030000000
239,0.73637,0.73694,0.73312,0.73516,1968.4,1689031800000
240,0.73537,0.74577,0.73537,0.74271,14168.9,1689033600000
241,0.74220,0.74220,0.73274,0.73476,7041.7,1689035400000
242,0.73459,0.74192,0.73459,0.74089,2727.0,1689037200000
243,0.74083,0.74579,0.73947,0.74058,8047.3,1689039000000
244,0.73983,0.74373,0.73935,0.74349,6770.6,1689040800000
245,0.74319,0.74394,0.73830,0.73946,1547.1,1689042600000
246,0.73930,0.74536,0.73930,0.74213,2449.2,1689044400000
247,0.74293,0.74624,0.74293,0.74437,8857.9,1689046200000
248,0.74453,0.74752,0.74024,0.74091,6480.8,1689048000000
249,0.74191,0.74191,0.73543,0.73590,17191.6,1689049800000
250,0.73645,0.73906,0.73645,0.73852,27265.7,1689051600000
251,0.73836,0.74182,0.73716,0.74182,12209.6,1689053400000
252,0.74140,0.74505,0.73939,0.74505,5584.9,1689055200000
253,0.74527,0.74931,0.74293,0.74503,17427.8,1689057000000
254,0.74537,0.74561,0.74125,0.74197,6719.4,1689058800000
255,0.74202,0.74393,0.74114,0.74167,1861.9,1689060600000
256,0.74192,0.74294,0.73934,0.74129,8879.4,1689062400000
257,0.74159,0.74166,0.73696,0.73756,13500.4,1689064200000
258,0.73738,0.73949,0.73599,0.73862,3712.3,1689066000000
259,0.73899,0.73899,0.73592,0.73792,1238.2,1689067800000
260,0.73799,0.73977,0.73628,0.73686,5472.3,1689069600000
261,0.73704,0.73715,0.73240,0.73560,11253.3,1689071400000
262,0.73538,0.73934,0.73469,0.73924,3509.2,1689073200000
263,0.73896,0.73962,0.73701,0.73862,3332.8,1689075000000
264,0.73840,0.73938,0.73390,0.73459,1823.9,1689076800000
265,0.73426,0.73910,0.73426,0.73900,1156.9,1689078600000
266,0.73908,0.73933,0.73502,0.73862,2018.8,1689080400000
267,0.73875,0.74434,0.73730,0.74016,6958.3,1689082200000
268,0.74096,0.74400,0.73597,0.74370,6043.0,1689084000000
269,0.74284,0.74485,0.74148,0.74289,13788.5,1689085800000
270,0.74271,0.74807,0.74127,0.74176,21700.6,1689087600000
271,0.74270,0.74271,0.73841,0.74204,4010.8,1689089400000
272,0.74257,0.74257,0.73496,0.73497,23460.2,1689091200000
273,0.73511,0.73944,0.73476,0.73799,3255.2,1689093000000
274,0.73796,0.73926,0.73616,0.73708,2072.0,1689094800000
275,0.73715,0.74043,0.73701,0.73986,1153.8,1689096600000
276,0.73975,0.74156,0.73903,0.73968,3963.9,1689098400000
277,0.73938,0.73975,0.73690,0.73904,2301.8,1689100200000
278,0.73898,0.74061,0.73600,0.74039,8369.6,1689102000000
279,0.74016,0.74240,0.74016,0.74106,1509.2,1689103800000
280,0.74132,0.74133,0.73751,0.73830,1861.7,1689105600000
281,0.73787,0.73880,0.73723,0.73770,502.4,1689107400000
282,0.73749,0.73809,0.73617,0.73754,416.9,1689109200000
283,0.73743,0.73949,0.73515,0.73846,7804.8,1689111000000
284,0.73817,0.73928,0.73716,0.73928,2801.6,1689112800000
285,0.73910,0.74124,0.73805,0.74107,8238.4,1689114600000
286,0.74127,0.74242,0.74024,0.74086,788.6,1689116400000
287,0.74110,0.74296,0.73970,0.74262,4511.2,1689118200000
288,0.74307,0.74334,0.73920,0.74018,3650.3,1689120000000
289,0.74018,0.74309,0.73898,0.74074,2152.9,1689121800000
290,0.74134,0.74790,0.74057,0.74703,2725.3,1689123600000
291,0.74699,0.75919,0.74408,0.75310,16038.5,1689125400000
292,0.75281,0.75316,0.74508,0.74536,6392.2,1689127200000
293,0.74555,0.74715,0.74372,0.74433,5541.0,1689129000000
294,0.74386,0.74386,0.73830,0.74084,4256.3,1689130800000
295,0.74093,0.74093,0.73725,0.73743,2775.1,1689132600000
296,0.73751,0.73917,0.73493,0.73908,4033.3,1689134400000
297,0.73918,0.73918,0.73733,0.73844,1396.6,1689136200000
298,0.73839,0.74005,0.73652,0.73881,6880.9,1689138000000
299,0.73883,0.74111,0.73802,0.74072,266.9,1689139800000
300,0.74075,0.74269,0.73853,0.74215,3498.7,1689141600000
301,0.74221,0.74349,0.74066,0.74076,20921.9,1689143400000
302,0.74045,0.74129,0.73747,0.73748,7732.9,1689145200000
303,0.73722,0.74105,0.73722,0.73782,201.3,1689147000000
304,0.73776,0.73923,0.73698,0.73739,8728.5,1689148800000
305,0.73729,0.73827,0.73576,0.73737,1309.9,1689150600000
306,0.73736,0.73767,0.73399,0.73548,14404.4,1689152400000
307,0.73429,0.73665,0.73381,0.73634,6721.5,1689154200000
308,0.73662,0.73699,0.73466,0.73476,8259.4,1689156000000
309,0.73465,0.73640,0.73434,0.73613,2485.3,1689157800000
310,0.73573,0.73882,0.73512,0.73839,18546.9,1689159600000
311,0.73859,0.73934,0.73716,0.73909,1912.0,1689161400000
312,0.73924,0.73930,0.73506,0.73764,5597.6,1689163200000
313,0.73904,0.74704,0.73395,0.73601,18793.5,1689165000000
314,0.73636,0.74341,0.73636,0.73836,31578.1,1689166800000
315,0.73819,0.74108,0.73407,0.73983,11207.9,1689168600000
316,0.73978,0.74323,0.73929,0.74084,23993.4,1689170400000
317,0.74135,0.74296,0.73987,0.73987,2191.6,1689172200000
318,0.74003,0.74243,0.73918,0.74016,1211.8,1689174000000
319,0.74036,0.74093,0.73557,0.73620,11072.0,1689175800000
320,0.73630,0.73663,0.72302,0.72634,11673.7,1689177600000
321,0.72607,0.72911,0.72468,0.72819,28407.0,1689179400000
322,0.72905,0.72993,0.72449,0.72553,2994.6,1689181200000
323,0.72547,0.72743,0.72278,0.72413,1672.3,1689183000000
324,0.72391,0.72688,0.72348,0.72578,1352.2,1689184800000
325,0.72615,0.72683,0.72482,0.72662,10515.8,1689186600000
326,0.72662,0.72662,0.71588,0.72054,10354.9,1689188400000
327,0.72009,0.72032,0.71536,0.71841,6576.3,1689190200000
328,0.71754,0.72103,0.71677,0.72017,3990.7,1689192000000
329,0.71991,0.72172,0.71895,0.72134,1123.2,1689193800000
330,0.72137,0.72158,0.71964,0.72061,3848.2,1689195600000
331,0.72002,0.72446,0.71930,0.72446,351.0,1689197400000
332,0.72433,0.72507,0.72343,0.72419,10479.2,1689199200000
333,0.72420,0.72588,0.72372,0.72544,1328.4,1689201000000
334,0.72528,0.72628,0.72355,0.72407,1382.4,1689202800000
335,0.72377,0.72567,0.72352,0.72369,1512.4,1689204600000
336,0.72380,0.72426,0.72103,0.72113,3354.7,1689206400000
337,0.72096,0.72236,0.71940,0.71985,5416.2,1689208200000
338,0.72005,0.72153,0.71607,0.71641,1527.5,1689210000000
339,0.71639,0.71742,0.71381,0.71659,2184.7,1689211800000
340,0.71629,0.71632,0.71457,0.71603,1419.2,1689213600000
341,0.71625,0.71688,0.71361,0.71399,394.0,1689215400000
342,0.71398,0.71532,0.71313,0.71313,397.4,1689217200000
343,0.71308,0.71609,0.71302,0.71596,1223.3,1689219000000
344,0.71628,0.71687,0.71414,0.71624,2048.3,1689220800000
345,0.71627,0.71869,0.71627,0.71811,4838.0,1689222600000
346,0.71809,0.72176,0.71701,0.72002,11624.8,1689224400000
347,0.71982,0.72325,0.71976,0.72324,1276.6,1689226200000
348,0.72304,0.72570,0.72304,0.72550,3276.9,1689228000000
349,0.72570,0.72970,0.72508,0.72869,3426.5,1689229800000
350,0.72885,0.73205,0.72747,0.72868,9556.2,1689231600000
351,0.72886,0.72886,0.72385,0.72397,3664.8,1689233400000
352,0.72450,0.72851,0.72450,0.72825,2642.0,1689235200000
353,0.72794,0.73046,0.72734,0.73032,657.9,1689237000000
354,0.73024,0.73082,0.72728,0.72766,1631.3,1689238800000
355,0.72800,0.76897,0.72800,0.76005,56744.6,1689240600000
356,0.75994,0.77690,0.75697,0.76798,79364.1,1689242400000
357,0.76798,0.77877,0.76754,0.77594,51025.4,1689244200000
358,0.77654,0.77839,0.76962,0.77646,16407.6,1689246000000
359,0.77709,0.77923,0.77192,0.77233,15984.4,1689247800000
360,0.77234,0.77602,0.76500,0.76519,33996.1,1689249600000
361,0.76657,0.77084,0.76147,0.76266,15641.8,1689251400000
362,0.76322,0.76340,0.75889,0.76136,11027.1,1689253200000
363,0.76144,0.76565,0.76109,0.76374,6077.0,1689255000000
364,0.76387,0.76387,0.75580,0.76275,5460.8,1689256800000
365,0.76308,0.76364,0.75912,0.75958,3094.6,1689258600000
366,0.75961,0.76757,0.75455,0.76703,8061.2,1689260400000
367,0.76790,0.81624,0.76753,0.79694,122308.8,1689262200000
368,0.79801,0.81545,0.78775,0.80987,36067.1,1689264000000
369,0.81001,0.81856,0.79886,0.81773,36511.5,1689265800000
370,0.81599,0.84565,0.81248,0.83392,91087.4,1689267600000
371,0.83417,0.85153,0.83274,0.84792,55714.8,1689269400000
372,0.84696,0.89172,0.84696,0.86941,89444.1,1689271200000
373,0.86798,0.86798,0.84322,0.84951,86443.6,1689273000000
374,0.84846,0.85447,0.84170,0.85286,52219.9,1689274800000
375,0.85257,0.85516,0.83851,0.85061,76008.5,1689276600000
376,0.84998,0.85238,0.84577,0.84933,12529.9,1689278400000
377,0.84915,0.85025,0.83833,0.84064,15554.2,1689280200000
378,0.84072,0.84224,0.82650,0.82806,90364.6,1689282000000
379,0.82855,0.83600,0.82792,0.83243,12641.8,1689283800000
380,0.83284,0.84383,0.83215,0.84342,37576.4,1689285600000
381,0.84342,0.84644,0.84200,0.84375,7872.9,1689287400000
382,0.84343,0.84587,0.84064,0.84224,4490.3,1689289200000
383,0.84215,0.85105,0.84072,0.84997,2797.6,1689291000000
384,0.85014,0.85455,0.84513,0.84742,11245.4,1689292800000
385,0.84735,0.88076,0.84687,0.87275,17102.4,1689294600000
386,0.87151,0.87151,0.84922,0.85848,20615.7,1689296400000
387,0.85867,0.86200,0.85443,0.85754,23781.1,1689298200000
388,0.85838,0.86092,0.84984,0.85064,6980.9,1689300000000
389,0.85108,0.85736,0.85108,0.85361,7664.2,1689301800000
390,0.85373,0.85804,0.84905,0.85022,8327.1,1689303600000
391,0.84986,0.84986,0.83866,0.84028,22872.6,1689305400000
392,0.84021,0.84897,0.83835,0.84797,8495.0,1689307200000
393,0.84697,0.85583,0.84242,0.85568,56423.6,1689309000000
394,0.85531,0.85777,0.84701,0.84848,8620.8,1689310800000
395,0.84815,0.86108,0.84815,0.86024,13964.9,1689312600000
396,0.86024,0.86117,0.85677,0.85923,9091.6,1689314400000
397,0.85959,0.86038,0.85431,0.85718,9156.3,1689316200000
398,0.85646,0.86388,0.85287,0.85491,16011.4,1689318000000
399,0.85521,0.85989,0.85059,0.85540,8189.3,1689319800000
400,0.85509,0.86358,0.85437,0.86268,12091.4,1689321600000
401,0.86328,0.87458,0.86192,0.86226,15285.0,1689323400000
402,0.86216,0.86256,0.84777,0.84974,30776.2,1689325200000
403,0.84950,0.85299,0.84170,0.85076,6609.7,1689327000000
404,0.84953,0.85081,0.84374,0.84475,6117.4,1689328800000
405,0.84528,0.84570,0.83989,0.84393,1795.8,1689330600000
406,0.84330,0.84853,0.84068,0.84718,21384.3,1689332400000
407,0.84674,0.84795,0.84394,0.84700,4300.9,1689334200000
408,0.84632,0.84731,0.84147,0.84167,9467.8,1689336000000
409,0.84121,0.84293,0.83580,0.83863,12523.9,1689337800000
410,0.83852,0.84376,0.83852,0.84376,7282.6,1689339600000
411,0.84349,0.84832,0.83793,0.84745,5456.8,1689341400000
412,0.84659,0.84659,0.84062,0.84196,5171.8,1689343200000
413,0.84212,0.84434,0.83823,0.84413,3821.2,1689345000000
414,0.84306,0.84758,0.83956,0.84623,3939.6,1689346800000
415,0.84666,0.85188,0.84338,0.84563,6811.1,1689348600000
416,0.84567,0.85286,0.83681,0.83912,13249.7,1689350400000
417,0.83927,0.83963,0.82297,0.83288,59718.0,1689352200000
418,0.83320,0.83320,0.81257,0.82224,40567.1,1689354000000
419,0.82243,0.82627,0.81320,0.81492,9106.8,1689355800000
420,0.81426,0.82126,0.79413,0.79432,102589.8,1689357600000
421,0.79459,0.79459,0.77590,0.78679,102846.9,1689359400000
422,0.78661,0.79755,0.78015,0.79298,35282.2,1689361200000
423,0.79389,0.79390,0.78214,0.78439,77100.5,1689363000000
424,0.78459,0.78742,0.77919,0.78103,6360.5,1689364800000
425,0.78103,0.79078,0.77815,0.78704,12512.2,1689366600000
426,0.78687,0.79328,0.78647,0.79292,4414.7,1689368400000
427,0.79333,0.79832,0.79118,0.79748,6563.8,1689370200000
428,0.79765,0.80054,0.79628,0.79844,8781.9,1689372000000
429,0.79855,0.80375,0.79849,0.79992,7738.9,1689373800000
430,0.80008,0.80816,0.80008,0.80791,4758.3,1689375600000
431,0.80847,0.81121,0.80636,0.80814,7804.7,1689377400000
432,0.80767,0.80815,0.80083,0.80806,7124.3,1689379200000
433,0.80804,0.80887,0.80351,0.80674,1820.3,1689381000000
434,0.80634,0.80634,0.80078,0.80239,8585.2,1689382800000
435,0.80257,0.80741,0.80174,0.80303,843.0,1689384600000
436,0.80333,0.80409,0.80055,0.80233,3906.6,1689386400000
437,0.80252,0.80701,0.80252,0.80430,1283.5,1689388200000
438,0.80429,0.80605,0.79776,0.79904,5839.0,1689390000000
439,0.79957,0.80407,0.79943,0.80373,2565.5,1689391800000
440,0.80391,0.80925,0.80353,0.80925,3182.6,1689393600000
441,0.80943,0.80967,0.80383,0.80391,13283.9,1689395400000
442,0.80358,0.80567,0.80069,0.80127,1720.1,1689397200000
443,0.80168,0.80310,0.79995,0.80275,571.2,1689399000000
444,0.80294,0.80523,0.80111,0.80354,6343.8,1689400800000
445,0.80358,0.81263,0.80358,0.81185,8699.2,1689402600000
446,0.81207,0.81687,0.81196,0.81458,9276.5,1689404400000
447,0.81444,0.82126,0.81405,0.81755,19235.4,1689406200000
448,0.81705,0.81807,0.81034,0.81667,4028.5,1689408000000
449,0.81674,0.81887,0.81426,0.81433,3292.7,1689409800000
450,0.81461,0.81665,0.81423,0.81625,429.6,1689411600000
451,0.81645,0.81882,0.81475,0.81784,2302.1,1689413400000
452,0.81784,0.82537,0.81765,0.82287,5958.1,1689415200000
453,0.82275,0.82300,0.81820,0.81878,4614.6,1689417000000
454,0.81868,0.81968,0.81261,0.81413,5895.4,1689418800000
455,0.81446,0.81582,0.81381,0.81467,2930.9,1689420600000
456,0.81427,0.81553,0.81255,0.81553,2543.2,1689422400000
457,0.81555,0.81841,0.81430,0.81631,12205.7,1689424200000
458,0.81631,0.81719,0.80829,0.81022,6488.2,1689426000000
459,0.81021,0.81350,0.80665,0.81326,19634.9,1689427800000
460,0.81349,0.81395,0.80896,0.81014,28390.5,1689429600000
461,0.81096,0.81272,0.80664,0.80760,7596.7,1689431400000
462,0.80759,0.81142,0.80543,0.80984,2125.9,1689433200000
463,0.80973,0.81007,0.80703,0.80703,6161.9,1689435000000
464,0.80703,0.80727,0.80290,0.80452,15475.3,1689436800000
465,0.80509,0.80522,0.80135,0.80274,6959.0,1689438600000
466,0.80281,0.80505,0.80281,0.80478,375.3,1689440400000
467,0.80477,0.80582,0.80192,0.80357,4321.9,1689442200000
468,0.80367,0.80448,0.80148,0.80149,182.5,1689444000000
469,0.80153,0.80872,0.80153,0.80783,6988.7,1689445800000
470,0.80774,0.81102,0.80774,0.80935,4446.6,1689447600000
471,0.80933,0.80982,0.80651,0.80696,6890.8,1689449400000
472,0.80603,0.80603,0.80295,0.80295,1939.6,1689451200000
473,0.80304,0.80474,0.80232,0.80359,8663.9,1689453000000
474,0.80295,0.80328,0.79702,0.79908,6537.8,1689454800000
475,0.79908,0.80127,0.79676,0.79746,1510.2,1689456600000
476,0.79753,0.79811,0.79580,0.79781,2962.9,1689458400000
477,0.79755,0.79780,0.79444,0.79753,1486.9,1689460200000
478,0.79745,0.79847,0.79566,0.79811,3424.3,1689462000000
479,0.79810,0.79958,0.79677,0.79930,2989.7,1689463800000
480,0.79973,0.80232,0.79645,0.79688,2619.3,1689465600000
481,0.79664,0.79798,0.79459,0.79633,4716.4,1689467400000
482,0.79665,0.80144,0.79635,0.79999,7332.8,1689469200000
483,0.79997,0.80063,0.79466,0.79492,2854.6,1689471000000
484,0.79491,0.79632,0.78172,0.78683,10171.1,1689472800000
485,0.78671,0.79327,0.78487,0.79127,2075.9,1689474600000
486,0.79153,0.79229,0.78732,0.79020,2489.1,1689476400000
487,0.79057,0.79121,0.78791,0.78822,384.5,1689478200000
488,0.78853,0.79064,0.78719,0.78955,4024.5,1689480000000
489,0.78905,0.78930,0.78693,0.78930,2595.3,1689481800000
490,0.78929,0.79301,0.78840,0.79182,258.1,1689483600000
491,0.79173,0.79195,0.78945,0.79168,499.8,1689485400000
492,0.79176,0.79176,0.78805,0.79001,8581.0,1689487200000
493,0.78996,0.79166,0.78755,0.78991,5627.6,1689489000000
494,0.79001,0.79214,0.78960,0.79214,2383.6,1689490800000
495,0.79215,0.79217,0.78964,0.78964,205.3,1689492600000
496,0.78992,0.78992,0.78779,0.78875,970.8,1689494400000
497,0.78863,0.78894,0.78734,0.78761,1775.5,1689496200000
498,0.78767,0.79054,0.78767,0.79021,1830.9,1689498000000
499,0.79047,0.79047,0.78734,0.78781,2989.8,1689499800000
500,0.78785,0.79435,0.78663,0.78976,10547.7,1689501600000
501,0.79022,0.79048,0.78301,0.78624,3329.8,1689503400000
502,0.78623,0.79007,0.78582,0.78921,1510.4,1689505200000
503,0.78920,0.79181,0.78817,0.79102,276.9,1689507000000
504,0.79062,0.79341,0.78935,0.78974,87.6,1689508800000
505,0.78975,0.79044,0.78821,0.78861,2287.0,1689510600000
506,0.78849,0.78945,0.78613,0.78631,10489.4,1689512400000
507,0.78604,0.78871,0.78604,0.78656,1425.0,1689514200000
508,0.78615,0.79390,0.78594,0.79276,4193.0,1689516000000
509,0.79315,0.79630,0.79063,0.79130,8433.4,1689517800000
510,0.79160,0.79165,0.78822,0.79087,4774.1,1689519600000
511,0.79063,0.79119,0.78631,0.78847,2165.3,1689521400000
512,0.78847,0.78847,0.78203,0.78421,7198.5,1689523200000
513,0.78459,0.78511,0.78023,0.78327,7415.9,1689525000000
514,0.78309,0.78704,0.78167,0.78689,1909.2,1689526800000
515,0.78696,0.78696,0.78247,0.78374,95.5,1689528600000
516,0.78408,0.78464,0.78089,0.78127,1419.8,1689530400000
517,0.78057,0.78222,0.77712,0.77820,11973.5,1689532200000
518,0.77809,0.78035,0.77738,0.77927,5749.6,1689534000000
519,0.77927,0.77987,0.77378,0.77378,10788.8,1689535800000
520,0.77392,0.77814,0.77295,0.77499,4796.4,1689537600000
521,0.77532,0.77726,0.77497,0.77558,815.5,1689539400000
522,0.77572,0.78150,0.77572,0.78127,1066.4,1689541200000
523,0.78126,0.78126,0.77855,0.77855,3152.6,1689543000000
524,0.77847,0.78073,0.77736,0.77737,6451.3,1689544800000
525,0.77749,0.77965,0.77586,0.77711,4876.1,1689546600000
526,0.77729,0.77764,0.76847,0.76894,5591.1,1689548400000
527,0.76899,0.76919,0.76330,0.76748,7797.7,1689550200000
528,0.76751,0.77062,0.76146,0.76806,7262.0,1689552000000
529,0.76801,0.76853,0.76031,0.76338,4458.8,1689553800000
530,0.76351,0.76922,0.76209,0.76885,11196.9,1689555600000
531,0.76891,0.77301,0.76800,0.77192,2722.5,1689557400000
532,0.77207,0.77537,0.77207,0.77471,9176.5,1689559200000
533,0.77470,0.77678,0.77374,0.77399,2113.5,1689561000000
534,0.77385,0.77857,0.77298,0.77770,4998.4,1689562800000
535,0.77759,0.78090,0.77703,0.77995,515.8,1689564600000
536,0.78031,0.78047,0.77823,0.78026,1275.8,1689566400000
537,0.78036,0.78266,0.77828,0.78257,15517.8,1689568200000
538,0.78226,0.78564,0.78134,0.78270,1454.1,1689570000000
539,0.78275,0.78275,0.77686,0.77742,2617.0,1689571800000
540,0.77695,0.78104,0.77661,0.78104,2657.7,1689573600000
541,0.78088,0.78216,0.77666,0.78109,666.5,1689575400000
542,0.78099,0.78099,0.77700,0.77989,1748.1,1689577200000
543,0.78030,0.78030,0.77662,0.77914,346.5,1689579000000
544,0.77863,0.78284,0.77568,0.78284,4928.0,1689580800000
545,0.78264,0.78473,0.77853,0.77983,11180.5,1689582600000
546,0.78045,0.78099,0.77234,0.77456,3113.1,1689584400000
547,0.77408,0.77435,0.76234,0.76437,13659.3,1689586200000
548,0.76449,0.76862,0.75030,0.76089,11778.5,1689588000000
549,0.76131,0.76607,0.75744,0.76589,2086.7,1689589800000
550,0.76567,0.77400,0.76544,0.77220,4501.7,1689591600000
551,0.77203,0.77263,0.76814,0.76905,1902.6,1689593400000
552,0.76889,0.76999,0.76131,0.76144,1632.1,1689595200000
553,0.76113,0.77348,0.75955,0.77333,13238.9,1689597000000
554,0.77351,0.78203,0.77096,0.78014,6042.7,1689598800000
555,0.77988,0.78952,0.77669,0.78418,5202.5,1689600600000
556,0.78499,0.78574,0.77945,0.78023,3602.4,1689602400000
557,0.78033,0.78637,0.77929,0.78575,415.6,1689604200000
558,0.78599,0.78599,0.77798,0.77847,1531.4,1689606000000
559,0.77861,0.78008,0.77645,0.77967,653.3,1689607800000
560,0.77927,0.78439,0.77687,0.77994,2235.2,1689609600000
561,0.77984,0.78031,0.77305,0.77664,7397.1,1689611400000
562,0.77675,0.77953,0.76375,0.77435,23136.6,1689613200000
563,0.77439,0.77725,0.76915,0.77137,6509.9,1689615000000
564,0.77086,0.77206,0.76685,0.76885,14184.7,1689616800000
565,0.76854,0.76854,0.75544,0.76210,18641.6,1689618600000
566,0.76198,0.76573,0.75933,0.76551,10188.3,1689620400000
567,0.76576,0.77400,0.76476,0.77056,17170.5,1689622200000
568,0.77044,0.77433,0.77025,0.77097,13050.8,1689624000000
569,0.77045,0.77107,0.76734,0.76894,33173.1,1689625800000
570,0.76934,0.77474,0.76831,0.77384,2286.6,1689627600000
571,0.77403,0.78351,0.77135,0.78265,9386.7,1689629400000
572,0.78324,0.78364,0.77944,0.78123,7869.0,1689631200000
573,0.78152,0.78339,0.77835,0.77845,6357.4,1689633000000
574,0.77829,0.78115,0.77702,0.77906,497.9,1689634800000
575,0.77907,0.77964,0.77738,0.77748,7583.2,1689636600000
576,0.77753,0.78264,0.77605,0.78225,2147.2,1689638400000
577,0.78222,0.78345,0.77664,0.77778,4662.8,1689640200000
578,0.77715,0.77857,0.77509,0.77857,781.0,1689642000000
579,0.77825,0.77935,0.77695,0.77786,6696.3,1689643800000
580,0.77813,0.77813,0.77150,0.77184,2039.1,1689645600000
581,0.77124,0.77124,0.76815,0.76858,142.0,1689647400000
582,0.76851,0.77194,0.76794,0.77076,10046.2,1689649200000
583,0.77127,0.77281,0.77026,0.77174,241.2,1689651000000
584,0.77199,0.77355,0.76804,0.77036,891.5,1689652800000
585,0.77052,0.77232,0.76931,0.77027,3137.1,1689654600000
586,0.77066,0.77067,0.76702,0.76728,377.4,1689656400000
587,0.76741,0.76807,0.76543,0.76653,1447.8,1689658200000
588,0.76663,0.77045,0.76635,0.76773,2888.6,1689660000000
589,0.76743,0.76764,0.75808,0.76057,16979.2,1689661800000
590,0.76057,0.76303,0.75854,0.76135,10179.0,1689663600000
591,0.76127,0.76133,0.75653,0.75691,785.7,1689665400000
592,0.75718,0.75975,0.75163,0.75975,11988.3,1689667200000
593,0.75924,0.76239,0.75489,0.75495,856.3,1689669000000
594,0.75489,0.75854,0.75465,0.75681,2483.3,1689670800000
595,0.75634,0.75635,0.74969,0.75035,4791.4,1689672600000
596,0.75074,0.75239,0.75025,0.75186,3831.2,1689674400000
597,0.75154,0.75775,0.75154,0.75693,641.3,1689676200000
598,0.75645,0.75757,0.75455,0.75631,298.0,1689678000000
599,0.75593,0.75683,0.74622,0.74679,10274.8,1689679800000
600,0.74620,0.74933,0.74237,0.74557,5933.1,1689681600000
601,0.74551,0.74840,0.74387,0.74714,10227.2,1689683400000
602,0.74716,0.74973,0.74556,0.74750,10530.0,1689685200000
603,0.74749,0.74974,0.74566,0.74782,2160.6,1689687000000
604,0.74793,0.75415,0.74713,0.75306,7199.9,1689688800000
605,0.75269,0.75377,0.74852,0.75175,5965.3,1689690600000
606,0.75151,0.75167,0.74519,0.74520,883.4,1689692400000
607,0.74508,0.74667,0.74407,0.74657,961.4,1689694200000
608,0.74672,0.74960,0.74410,0.74495,2124.1,1689696000000
609,0.74498,0.74633,0.73039,0.73864,12692.3,1689697800000
610,0.73853,0.74094,0.73826,0.73844,1037.5,1689699600000
611,0.73868,0.74313,0.73868,0.74242,222.6,1689701400000
612,0.74226,0.74639,0.74151,0.74618,11094.1,1689703200000
613,0.74650,0.74650,0.74276,0.74444,2189.1,1689705000000
614,0.74412,0.74612,0.73984,0.73984,3184.5,1689706800000
615,0.73954,0.74060,0.73287,0.73379,8278.9,1689708600000
616,0.73397,0.73646,0.73239,0.73293,3407.4,1689710400000
617,0.73297,0.73536,0.73080,0.73146,1745.2,1689712200000
618,0.73196,0.73616,0.73089,0.73602,10393.3,1689714000000
619,0.73592,0.73759,0.73500,0.73500,650.6,1689715800000
620,0.73514,0.73612,0.73277,0.73536,11435.6,1689717600000
621,0.73549,0.73927,0.73546,0.73927,117.3,1689719400000
622,0.73913,0.73926,0.73536,0.73867,1542.7,1689721200000
623,0.73867,0.73905,0.73517,0.73868,5583.5,1689723000000
624,0.73863,0.74086,0.73698,0.74086,1519.1,1689724800000
625,0.74136,0.75115,0.74111,0.75078,5632.7,1689726600000
626,0.75155,0.75279,0.74901,0.74912,30066.3,1689728400000
627,0.74968,0.75114,0.74807,0.75029,1830.6,1689730200000
628,0.75028,0.75151,0.74687,0.74705,6156.4,1689732000000
629,0.74741,0.75100,0.74729,0.74996,8049.0,1689733800000
630,0.74997,0.75449,0.74997,0.75187,35608.3,1689735600000
631,0.75175,0.75335,0.74903,0.75118,3861.5,1689737400000
632,0.75154,0.75558,0.74959,0.75344,4123.4,1689739200000
633,0.75372,0.75545,0.75085,0.75143,611.1,1689741000000
634,0.75143,0.75436,0.75025,0.75343,1762.9,1689742800000
635,0.75344,0.75404,0.75148,0.75404,10959.4,1689744600000
636,0.75380,0.75486,0.74870,0.74932,3748.9,1689746400000
637,0.75002,0.75018,0.74447,0.74494,4091.5,1689748200000
638,0.74484,0.74835,0.74389,0.74835,9393.5,1689750000000
639,0.74842,0.74846,0.74399,0.74511,2391.1,1689751800000
640,0.74456,0.74492,0.74070,0.74305,3948.7,1689753600000
641,0.74304,0.74388,0.73581,0.73720,11908.2,1689755400000
642,0.73656,0.74041,0.73469,0.74002,3734.3,1689757200000
643,0.73971,0.74485,0.73926,0.74391,3868.9,1689759000000
644,0.74360,0.74516,0.74156,0.74208,2800.4,1689760800000
645,0.74210,0.74432,0.74180,0.74312,696.2,1689762600000
646,0.74321,0.74393,0.74026,0.74096,10949.0,1689764400000
647,0.74126,0.74456,0.74003,0.74411,1577.6,1689766200000
648,0.74406,0.74453,0.73992,0.73995,119.3,1689768000000
649,0.73991,0.74245,0.73799,0.74119,2954.4,1689769800000
650,0.74070,0.74201,0.73545,0.73545,8006.6,1689771600000
651,0.73652,0.74509,0.73652,0.74000,3354.6,1689773400000
652,0.73951,0.74009,0.73261,0.73333,2028.5,1689775200000
653,0.73340,0.73415,0.72799,0.73220,11540.3,1689777000000
654,0.73257,0.73651,0.72896,0.73618,8880.7,1689778800000
655,0.73563,0.73926,0.73415,0.73925,2711.8,1689780600000
656,0.73933,0.74064,0.73599,0.73703,2705.4,1689782400000
657,0.73706,0.73847,0.73651,0.73778,558.4,1689784200000
658,0.73772,0.74570,0.73761,0.74455,2900.9,1689786000000
659,0.74395,0.75209,0.74317,0.74986,4605.9,1689787800000
660,0.75036,0.75636,0.74797,0.75557,14381.5,1689789600000
661,0.75348,0.75399,0.74841,0.75328,12769.5,1689791400000
662,0.75295,0.75619,0.75115,0.75340,583.2,1689793200000
663,0.75350,0.75585,0.75241,0.75293,1627.0,1689795000000
664,0.75296,0.75303,0.74834,0.74854,4928.9,1689796800000
665,0.74827,0.75207,0.74818,0.74886,5735.2,1689798600000
666,0.74869,0.74873,0.74157,0.74550,6742.6,1689800400000
667,0.74550,0.74881,0.74511,0.74874,230.1,1689802200000
668,0.74822,0.74878,0.74384,0.74720,468.7,1689804000000
669,0.74712,0.74712,0.74224,0.74360,517.1,1689805800000
670,0.74394,0.74602,0.74197,0.74555,496.2,1689807600000
671,0.74577,0.74753,0.74336,0.74336,189.4,1689809400000
672,0.74402,0.74803,0.74365,0.74388,781.1,1689811200000
673,0.74339,0.75068,0.74244,0.75034,326.9,1689813000000
674,0.75062,0.75393,0.75007,0.75385,848.2,1689814800000
675,0.75452,0.75664,0.75285,0.75525,826.9,1689816600000
676,0.75549,0.76064,0.75549,0.76010,3011.9,1689818400000
677,0.76061,0.76183,0.75711,0.75904,1068.8,1689820200000
678,0.75956,0.76217,0.75670,0.75670,13119.7,1689822000000
679,0.75656,0.76059,0.75630,0.76004,1422.6,1689823800000
680,0.76045,0.76124,0.75682,0.75724,1742.4,1689825600000
681,0.75720,0.76724,0.75713,0.76141,1437.6,1689827400000
682,0.76189,0.76467,0.75986,0.76349,4602.3,1689829200000
683,0.76391,0.76821,0.76391,0.76815,385.2,1689831000000
684,0.76816,0.76839,0.76473,0.76776,1437.6,1689832800000
685,0.76708,0.76743,0.76219,0.76460,376.8,1689834600000
686,0.76485,0.77424,0.76485,0.77424,9254.3,1689836400000
687,0.77407,0.78215,0.77198,0.78126,37811.5,1689838200000
688,0.78195,0.78358,0.77817,0.78294,33510.2,1689840000000
689,0.78275,0.78275,0.77904,0.78100,146661.4,1689841800000
690,0.78100,0.78628,0.77842,0.78375,63123.0,1689843600000
691,0.78359,0.79275,0.78328,0.79191,5340.4,1689845400000
692,0.79163,0.80120,0.79037,0.79882,6537.0,1689847200000
693,0.79884,0.79961,0.79118,0.79179,3676.4,1689849000000
694,0.79179,0.79755,0.79128,0.79567,27794.8,1689850800000
695,0.79516,0.79703,0.79307,0.79324,10029.3,1689852600000
696,0.79292,0.79640,0.79109,0.79239,5288.0,1689854400000
697,0.79244,0.79325,0.78755,0.78764,1799.8,1689856200000
698,0.78771,0.79063,0.78603,0.78945,929.3,1689858000000
699,0.78974,0.79075,0.78764,0.78764,1340.5,1689859800000
700,0.78793,0.78862,0.78158,0.78195,4211.3,1689861600000
701,0.78152,0.78152,0.76194,0.76729,28517.4,1689863400000
702,0.76695,0.77531,0.76471,0.77496,7013.7,1689865200000
703,0.77518,0.77518,0.76811,0.77022,1331.2,1689867000000
704,0.77034,0.77457,0.76600,0.76615,14050.7,1689868800000
705,0.76667,0.76891,0.76285,0.76773,12401.3,1689870600000
706,0.76713,0.76913,0.76404,0.76415,5198.9,1689872400000
707,0.76397,0.76624,0.76300,0.76342,1886.4,1689874200000
708,0.76333,0.76383,0.75396,0.75396,13149.8,1689876000000
709,0.75456,0.75744,0.75289,0.75404,5983.2,1689877800000
710,0.75415,0.76089,0.75415,0.76089,9562.3,1689879600000
711,0.76121,0.76585,0.76041,0.76572,3320.1,1689881400000
712,0.76547,0.76582,0.76070,0.76183,289.6,1689883200000
713,0.76211,0.76319,0.75686,0.76319,9939.6,1689885000000
714,0.76329,0.76711,0.76283,0.76699,4663.2,1689886800000
715,0.76691,0.77068,0.76621,0.77068,2793.7,1689888600000
716,0.77012,0.77207,0.76932,0.77107,231.2,1689890400000
717,0.77107,0.77288,0.77023,0.77204,2253.7,1689892200000
718,0.77140,0.77204,0.76885,0.76894,1898.7,1689894000000
719,0.76903,0.76903,0.76614,0.76715,386.0,1689895800000
720,0.76812,0.76879,0.76315,0.76315,1725.1,1689897600000
721,0.76350,0.76643,0.76125,0.76320,2452.3,1689899400000
722,0.76334,0.77150,0.76206,0.77104,8217.0,1689901200000
723,0.77074,0.77075,0.76712,0.76971,10175.6,1689903000000
724,0.76975,0.77497,0.76797,0.77497,11425.8,1689904800000
725,0.77541,0.77561,0.77055,0.77220,9972.9,1689906600000
726,0.77212,0.77424,0.77076,0.77110,5248.9,1689908400000
727,0.77078,0.77114,0.76835,0.76911,17157.7,1689910200000
728,0.76950,0.76988,0.76565,0.76595,387.4,1689912000000
729,0.76624,0.76768,0.76543,0.76571,362.4,1689913800000
730,0.76553,0.76704,0.76382,0.76425,3013.8,1689915600000
731,0.76425,0.76453,0.76267,0.76323,2380.2,1689917400000
732,0.76343,0.76750,0.76254,0.76669,2167.8,1689919200000
733,0.76655,0.76655,0.76376,0.76527,1664.6,1689921000000
734,0.76507,0.76566,0.76206,0.76213,2916.4,1689922800000
735,0.76175,0.76175,0.75844,0.76023,6086.0,1689924600000
736,0.76033,0.76344,0.75924,0.76344,1309.7,1689926400000
737,0.76345,0.76533,0.76237,0.76410,3070.3,1689928200000
738,0.76447,0.76878,0.76304,0.76826,657.9,1689930000000
739,0.76833,0.76893,0.76134,0.76141,1432.4,1689931800000
740,0.76125,0.76692,0.76125,0.76475,140.6,1689933600000
741,0.76493,0.76743,0.76365,0.76420,1935.9,1689935400000
742,0.76456,0.76564,0.76281,0.76349,94.2,1689937200000
743,0.76367,0.76560,0.76320,0.76524,623.7,1689939000000
744,0.76517,0.77027,0.76517,0.77027,1219.8,1689940800000
745,0.77015,0.77365,0.77011,0.77351,8924.8,1689942600000
746,0.77337,0.77399,0.77135,0.77220,1935.5,1689944400000
747,0.77216,0.77216,0.76607,0.76684,15282.8,1689946200000
748,0.76672,0.76729,0.76420,0.76561,1457.5,1689948000000
749,0.76549,0.76823,0.76501,0.76802,270.9,1689949800000
750,0.76841,0.76909,0.76506,0.76523,1894.5,1689951600000
751,0.76533,0.76644,0.76393,0.76580,3066.3,1689953400000
752,0.76593,0.76610,0.76286,0.76525,2104.8,1689955200000
753,0.76554,0.76564,0.76345,0.76345,1309.5,1689957000000
754,0.76330,0.76893,0.76319,0.76893,1973.9,1689958800000
755,0.76874,0.77192,0.76798,0.77192,2786.2,1689960600000
756,0.77189,0.78084,0.77158,0.78065,4907.2,1689962400000
757,0.78035,0.78201,0.77781,0.77781,1589.7,1689964200000
758,0.77749,0.77848,0.76764,0.77330,5274.3,1689966000000
759,0.77385,0.77845,0.77245,0.77587,14533.2,1689967800000
760,0.77574,0.77574,0.77149,0.77381,2490.3,1689969600000
761,0.77416,0.77465,0.77133,0.77262,6376.5,1689971400000
762,0.77321,0.77366,0.76985,0.77070,1477.7,1689973200000
763,0.77015,0.77164,0.76885,0.77037,1288.9,1689975000000
764,0.77009,0.77370,0.76995,0.77196,1079.4,1689976800000
765,0.77156,0.77269,0.77010,0.77018,194.7,1689978600000
766,0.77017,0.77280,0.76896,0.77198,2272.7,1689980400000
767,0.77201,0.77268,0.76861,0.76903,210.2,1689982200000
768,0.76951,0.77382,0.76865,0.77143,10241.5,1689984000000
769,0.77144,0.77483,0.77095,0.77476,927.6,1689985800000
770,0.77542,0.77562,0.77134,0.77222,198.4,1689987600000
771,0.77169,0.77171,0.76955,0.77056,1461.1,1689989400000
772,0.77072,0.77284,0.76999,0.77105,136.8,1689991200000
773,0.77105,0.77433,0.77105,0.77305,1526.0,1689993000000
774,0.77325,0.77522,0.77065,0.77404,1667.0,1689994800000
775,0.77375,0.77536,0.77315,0.77335,112.6,1689996600000
776,0.77372,0.77504,0.77134,0.77503,108.9,1689998400000
777,0.77503,0.77534,0.77115,0.77216,182.4,1690000200000
778,0.77244,0.77295,0.77040,0.77190,115.5,1690002000000
779,0.77172,0.77236,0.77065,0.77129,82.7,1690003800000
780,0.77119,0.77158,0.76957,0.76965,40.4,1690005600000
781,0.76964,0.77132,0.76964,0.77102,1124.2,1690007400000
782,0.77086,0.77194,0.76945,0.77180,18.5,1690009200000
783,0.77186,0.77378,0.77184,0.77279,110.6,1690011000000
784,0.77279,0.77532,0.77208,0.77422,1362.4,1690012800000
785,0.77435,0.77543,0.77312,0.77337,1805.6,1690014600000
786,0.77358,0.77492,0.77206,0.77474,501.5,1690016400000
787,0.77485,0.77485,0.77006,0.77055,8073.2,1690018200000
788,0.77083,0.77095,0.75857,0.76258,20543.8,1690020000000
789,0.76223,0.76445,0.76177,0.76336,226.5,1690021800000
790,0.76327,0.76404,0.76229,0.76374,18500.8,1690023600000
791,0.76369,0.76439,0.76180,0.76228,2527.1,1690025400000
792,0.76229,0.76374,0.76137,0.76374,10645.0,1690027200000
793,0.76378,0.76394,0.76103,0.76207,253.5,1690029000000
794,0.76158,0.76404,0.76141,0.76365,2461.8,1690030800000
795,0.76391,0.76391,0.76205,0.76312,62.2,1690032600000
796,0.76335,0.76520,0.76311,0.76335,214.3,1690034400000
797,0.76350,0.76524,0.76302,0.76445,4513.4,1690036200000
798,0.76439,0.76439,0.76053,0.76173,12482.0,1690038000000
799,0.76174,0.76384,0.76076,0.76282,374.6,1690039800000
800,0.76317,0.76427,0.76115,0.76253,1151.0,1690041600000
801,0.76245,0.76474,0.76245,0.76385,8789.7,1690043400000
802,0.76381,0.76467,0.76327,0.76386,2188.8,1690045200000
803,0.76348,0.76362,0.76128,0.76147,62.5,1690047000000
804,0.76160,0.76160,0.75701,0.75783,193.9,1690048800000
805,0.75754,0.75924,0.75725,0.75756,413.5,1690050600000
806,0.75760,0.76061,0.75735,0.75911,1674.2,1690052400000
807,0.75925,0.76092,0.75804,0.75990,1934.7,1690054200000
808,0.75974,0.76061,0.75825,0.76014,2556.0,1690056000000
809,0.75971,0.76053,0.75923,0.75981,70.0,1690057800000
810,0.75989,0.76034,0.75870,0.75995,199.5,1690059600000
811,0.76024,0.76024,0.75873,0.75906,1575.0,1690061400000
812,0.75907,0.76023,0.75734,0.75808,1263.5,1690063200000
813,0.75809,0.75868,0.75635,0.75761,66.3,1690065000000
814,0.75769,0.75769,0.74158,0.74296,16431.2,1690066800000
815,0.74279,0.74638,0.73997,0.74631,6270.5,1690068600000
816,0.74633,0.74729,0.74088,0.74442,5180.6,1690070400000
817,0.74425,0.74425,0.73919,0.74106,413.2,1690072200000
818,0.74123,0.74803,0.74123,0.74726,1638.0,1690074000000
819,0.74679,0.74830,0.74611,0.74758,530.4,1690075800000
820,0.74767,0.75107,0.74688,0.75095,310.0,1690077600000
821,0.75096,0.75164,0.74970,0.75129,130.1,1690079400000
822,0.75130,0.75207,0.75013,0.75206,4063.2,1690081200000
823,0.75207,0.75259,0.75076,0.75175,2020.5,1690083000000
824,0.75207,0.75360,0.75157,0.75157,396.7,1690084800000
825,0.75174,0.75556,0.75174,0.75546,1782.9,1690086600000
826,0.75553,0.75684,0.75457,0.75654,21.1,1690088400000
827,0.75648,0.75676,0.75392,0.75498,631.7,1690090200000
828,0.75541,0.75551,0.75209,0.75241,102.0,1690092000000
829,0.75259,0.75363,0.75225,0.75302,1599.7,1690093800000
830,0.75293,0.75310,0.74973,0.75066,3963.3,1690095600000
831,0.75079,0.75108,0.74957,0.75082,1025.5,1690097400000
832,0.75047,0.75156,0.74822,0.74954,14036.3,1690099200000
833,0.74949,0.75221,0.74949,0.75212,4002.3,1690101000000
834,0.75212,0.75241,0.75032,0.75052,1265.6,1690102800000
835,0.75039,0.75164,0.74986,0.74986,5010.5,1690104600000
836,0.74986,0.75210,0.74986,0.75183,5534.8,1690106400000
837,0.75168,0.75175,0.75003,0.75034,795.1,1690108200000
838,0.75053,0.75193,0.75026,0.75156,1382.5,1690110000000
839,0.75174,0.75320,0.75087,0.75105,99.7,1690111800000
840,0.75113,0.75309,0.75086,0.75148,72.4,1690113600000
841,0.75144,0.75152,0.75003,0.75120,2372.9,1690115400000
842,0.75125,0.75125,0.74781,0.74797,8951.6,1690117200000
843,0.74787,0.74960,0.74760,0.74931,266.0,1690119000000
844,0.74912,0.74990,0.74803,0.74843,3842.4,1690120800000
845,0.74833,0.75002,0.74817,0.74941,2396.8,1690122600000
846,0.74940,0.75068,0.74856,0.74873,104.2,1690124400000
847,0.74873,0.75030,0.74833,0.74887,111.8,1690126200000
848,0.74912,0.75163,0.74886,0.75163,376.6,1690128000000
849,0.75175,0.75805,0.75175,0.75793,3550.1,1690129800000
850,0.75804,0.76011,0.75565,0.75613,2605.3,1690131600000
851,0.75600,0.76244,0.75514,0.76244,7057.1,1690133400000
852,0.76296,0.76344,0.76106,0.76155,1596.1,1690135200000
853,0.76161,0.76654,0.76106,0.76592,1929.2,1690137000000
854,0.76605,0.76775,0.76303,0.76426,3357.2,1690138800000
855,0.76397,0.76431,0.75647,0.75926,2391.8,1690140600000
856,0.75959,0.76135,0.75906,0.76021,2905.4,1690142400000
857,0.75986,0.76129,0.75925,0.76129,3566.6,1690144200000
858,0.76140,0.76151,0.75615,0.75654,192.3,1690146000000
859,0.75629,0.75629,0.75209,0.75292,1052.8,1690147800000
860,0.75264,0.75571,0.75227,0.75553,1359.2,1690149600000
861,0.75554,0.75646,0.75467,0.75507,1585.1,1690151400000
862,0.75514,0.75853,0.75514,0.75812,339.1,1690153200000
863,0.75815,0.75859,0.75703,0.75714,784.1,1690155000000
864,0.75731,0.76068,0.75594,0.76018,783.4,1690156800000
865,0.76004,0.76183,0.75880,0.75880,244.2,1690158600000
866,0.75813,0.75831,0.75476,0.75484,275.9,1690160400000
867,0.75434,0.75437,0.74998,0.75039,198.9,1690162200000
868,0.75052,0.75082,0.74390,0.74635,4520.7,1690164000000
869,0.74653,0.74802,0.74590,0.74648,582.6,1690165800000
870,0.74636,0.74700,0.74544,0.74605,140.4,1690167600000
871,0.74592,0.74694,0.74284,0.74363,106.1,1690169400000
872,0.74383,0.74383,0.73431,0.73931,16282.4,1690171200000
873,0.73951,0.74108,0.73871,0.73975,7130.1,1690173000000
874,0.73983,0.74279,0.73907,0.74279,3443.0,1690174800000
875,0.74306,0.74314,0.74071,0.74286,1587.7,1690176600000
876,0.74279,0.74363,0.74114,0.74235,8415.6,1690178400000
877,0.74233,0.74248,0.74050,0.74098,2099.2,1690180200000
878,0.74057,0.74514,0.74057,0.74514,843.4,1690182000000
879,0.74503,0.74752,0.74443,0.74508,1979.4,1690183800000
880,0.74551,0.74583,0.74325,0.74506,644.0,1690185600000
881,0.74534,0.74534,0.74164,0.74222,5210.2,1690187400000
882,0.74215,0.74281,0.74111,0.74215,635.8,1690189200000
883,0.74215,0.74290,0.71047,0.71842,34783.8,1690191000000
884,0.71774,0.72732,0.71492,0.72502,1256.9,1690192800000
885,0.72512,0.72745,0.72304,0.72727,1896.4,1690194600000
886,0.72745,0.72822,0.72607,0.72613,4746.0,1690196400000
887,0.72639,0.72754,0.72246,0.72331,31237.1,1690198200000
888,0.72299,0.72574,0.72070,0.72136,17741.1,1690200000000
889,0.72135,0.72633,0.72000,0.72616,1830.4,1690201800000
890,0.72633,0.72722,0.72510,0.72543,7998.2,1690203600000
891,0.72543,0.72601,0.72067,0.72373,4555.7,1690205400000
892,0.72391,0.72422,0.72066,0.72278,3333.1,1690207200000
893,0.72269,0.72380,0.71857,0.71902,11289.5,1690209000000
894,0.71900,0.72173,0.71277,0.72111,1553.3,1690210800000
895,0.72110,0.72125,0.71710,0.72008,5222.4,1690212600000
896,0.72057,0.72242,0.71831,0.72166,7972.5,1690214400000
897,0.72159,0.72593,0.72159,0.72452,3216.2,1690216200000
898,0.72474,0.72474,0.72114,0.72234,2160.8,1690218000000
899,0.72270,0.72405,0.72094,0.72246,1970.7,1690219800000
900,0.72242,0.72573,0.72220,0.72534,6197.4,1690221600000
901,0.72570,0.72696,0.72478,0.72529,4237.9,1690223400000
902,0.72549,0.72600,0.72409,0.72481,5291.1,1690225200000
903,0.72479,0.72593,0.72384,0.72497,1341.6,1690227000000
904,0.72501,0.72561,0.72339,0.72360,1760.0,1690228800000
905,0.72388,0.72501,0.72241,0.72487,424.0,1690230600000
906,0.72486,0.72642,0.72468,0.72609,128.2,1690232400000
907,0.72621,0.72810,0.72563,0.72786,115.2,1690234200000
908,0.72790,0.72877,0.72616,0.72633,783.4,1690236000000
909,0.72649,0.72737,0.72566,0.72737,3427.1,1690237800000
910,0.72712,0.72923,0.72690,0.72912,503.4,1690239600000
911,0.72905,0.72915,0.72760,0.72784,233.0,1690241400000
912,0.72832,0.72834,0.72608,0.72753,1684.2,1690243200000
913,0.72757,0.72784,0.72286,0.72431,698.6,1690245000000
914,0.72417,0.72454,0.72201,0.72335,186.3,1690246800000
915,0.72363,0.72442,0.72215,0.72394,96.7,1690248600000
916,0.72388,0.72703,0.72388,0.72605,99.6,1690250400000
917,0.72603,0.72924,0.72601,0.72716,226.1,1690252200000
918,0.72756,0.72795,0.72564,0.72574,147.1,1690254000000
919,0.72583,0.72703,0.72571,0.72638,2116.8,1690255800000
920,0.72753,0.72804,0.72486,0.72486,1592.6,1690257600000
921,0.72498,0.72575,0.72238,0.72277,89.9,1690259400000
922,0.72320,0.72544,0.72297,0.72524,135.2,1690261200000
923,0.72538,0.72763,0.72538,0.72613,579.1,1690263000000
924,0.72626,0.72653,0.72411,0.72493,654.2,1690264800000
925,0.72499,0.72531,0.71986,0.72316,827.7,1690266600000
926,0.72328,0.72475,0.72205,0.72345,754.6,1690268400000
927,0.72356,0.72409,0.71951,0.72168,565.2,1690270200000
928,0.72169,0.72234,0.71979,0.72188,154.9,1690272000000
929,0.72212,0.72520,0.72112,0.72466,5232.0,1690273800000
930,0.72490,0.72554,0.72163,0.72388,6517.4,1690275600000
931,0.72363,0.72592,0.72227,0.72237,164.8,1690277400000
932,0.72242,0.72242,0.72023,0.72174,1578.9,1690279200000
933,0.72160,0.72186,0.72072,0.72107,2830.5,1690281000000
934,0.72096,0.72117,0.71890,0.71975,649.6,1690282800000
935,0.71972,0.72162,0.71958,0.72109,2259.8,1690284600000
936,0.72113,0.72214,0.71998,0.72195,264.9,1690286400000
937,0.72165,0.72223,0.71961,0.72030,385.2,1690288200000
938,0.72027,0.72149,0.71462,0.71488,4453.3,1690290000000
939,0.71439,0.72012,0.71364,0.71871,1069.6,1690291800000
940,0.71952,0.72426,0.71779,0.72080,2470.1,1690293600000
941,0.72091,0.72091,0.71133,0.71442,847.9,1690295400000
942,0.71413,0.71761,0.71389,0.71716,288.8,1690297200000
943,0.71749,0.71872,0.71611,0.71802,8647.2,1690299000000
944,0.71726,0.71945,0.71666,0.71724,870.7,1690300800000
945,0.71748,0.71965,0.71576,0.71576,2802.2,1690302600000
946,0.71521,0.71662,0.70725,0.71662,3005.3,1690304400000
947,0.71661,0.71714,0.71465,0.71714,4203.7,1690306200000
948,0.71725,0.71928,0.71680,0.71889,3085.0,1690308000000
949,0.71895,0.72141,0.71585,0.71616,2417.1,1690309800000
950,0.71602,0.71712,0.71537,0.71574,1872.4,1690311600000
951,0.71536,0.71557,0.70961,0.70961,1770.6,1690313400000
952,0.70964,0.71068,0.70200,0.70340,1704.9,1690315200000
953,0.70363,0.70679,0.70363,0.70617,1958.6,1690317000000
954,0.70637,0.71040,0.70637,0.70903,7717.6,1690318800000
955,0.70894,0.70945,0.70691,0.70852,119.9,1690320600000
956,0.70852,0.71075,0.70807,0.70923,2169.6,1690322400000
957,0.70910,0.70990,0.70741,0.70741,2250.6,1690324200000
958,0.70732,0.70816,0.70525,0.70699,620.5,1690326000000
959,0.70671,0.70896,0.70657,0.70768,2787.5,1690327800000
960,0.70768,0.70808,0.70327,0.70510,5150.6,1690329600000
961,0.70509,0.70616,0.70332,0.70492,2766.1,1690331400000
962,0.70482,0.70563,0.70197,0.70314,3619.5,1690333200000
963,0.70294,0.70294,0.69664,0.70065,13939.6,1690335000000
964,0.70094,0.70220,0.69911,0.70178,19329.8,1690336800000
965,0.70189,0.70431,0.69888,0.70414,15209.0,1690338600000
966,0.70417,0.70813,0.70297,0.70475,6523.2,1690340400000
967,0.70459,0.70574,0.70328,0.70433,1442.7,1690342200000
968,0.70441,0.70495,0.70199,0.70258,2381.3,1690344000000
969,0.70251,0.70354,0.70018,0.70188,9793.5,1690345800000
970,0.70170,0.70432,0.70157,0.70414,659.1,1690347600000
971,0.70412,0.70759,0.70311,0.70726,233.0,1690349400000
972,0.70731,0.70815,0.70615,0.70694,360.8,1690351200000
973,0.70727,0.70983,0.70402,0.70434,4334.7,1690353000000
974,0.70443,0.70687,0.70443,0.70534,1138.6,1690354800000
975,0.70553,0.70578,0.70391,0.70528,191.3,1690356600000
976,0.70523,0.70737,0.70523,0.70712,1301.3,1690358400000
977,0.70672,0.70747,0.70520,0.70558,4766.3,1690360200000
978,0.70550,0.70643,0.70287,0.70306,2851.7,1690362000000
979,0.70272,0.70402,0.70132,0.70355,2415.8,1690363800000
980,0.70381,0.70433,0.70258,0.70362,3638.3,1690365600000
981,0.70363,0.70512,0.70288,0.70337,10111.6,1690367400000
982,0.70367,0.70620,0.70367,0.70557,683.3,1690369200000
983,0.70570,0.70659,0.70317,0.70360,2792.2,1690371000000
984,0.70354,0.70687,0.70291,0.70684,312.7,1690372800000
985,0.70675,0.70830,0.70598,0.70647,5504.9,1690374600000
986,0.70629,0.70889,0.70573,0.70611,1767.0,1690376400000
987,0.70611,0.70777,0.70480,0.70759,2364.8,1690378200000
988,0.70817,0.72525,0.70817,0.72333,27777.9,1690380000000
989,0.72369,0.72702,0.71859,0.72032,60216.1,1690381800000
990,0.71964,0.72038,0.71630,0.71752,14293.4,1690383600000
991,0.71709,0.72002,0.71639,0.72002,2094.8,1690385400000
992,0.72007,0.72022,0.71219,0.71327,710.7,1690387200000
993,0.71353,0.71472,0.71207,0.71321,331.2,1690389000000
994,0.71390,0.71513,0.70981,0.71179,5159.4,1690390800000
995,0.71198,0.71301,0.70996,0.71101,7937.2,1690392600000
996,0.71117,0.72544,0.71117,0.71865,15642.6,1690394400000
997,0.71864,0.72823,0.71595,0.72200,31819.8,1690396200000
998,0.72167,0.72274,0.71131,0.72184,4225.8,1690398000000
999,0.72173,0.72412,0.71955,0.72412,2746.0,1690399800000
1000,0.72380,0.72840,0.72231,0.72488,8169.1,1690401600000
1001,0.72514,0.73095,0.72506,0.72932,4005.5,1690403400000
1002,0.72925,0.73086,0.72487,0.72513,2606.6,1690405200000
1003,0.72541,0.72705,0.72252,0.72252,1119.4,1690407000000
1004,0.72247,0.72344,0.72068,0.72091,7989.8,1690408800000
1005,0.72092,0.72164,0.71887,0.72116,1231.7,1690410600000
1006,0.72148,0.72369,0.72065,0.72348,3765.2,1690412400000
1007,0.72327,0.72338,0.71933,0.72249,2419.0,1690414200000
1008,0.72251,0.72266,0.71773,0.72052,512.6,1690416000000
1009,0.72034,0.72114,0.71658,0.71894,686.7,1690417800000
1010,0.71892,0.72361,0.71686,0.72342,1364.2,1690419600000
1011,0.72337,0.72572,0.72188,0.72571,274.6,1690421400000
1012,0.72571,0.72597,0.72224,0.72270,3956.6,1690423200000
1013,0.72244,0.72632,0.72243,0.72626,347.6,1690425000000
1014,0.72656,0.72766,0.72552,0.72751,234.0,1690426800000
1015,0.72754,0.72865,0.72541,0.72593,179.2,1690428600000
1016,0.72613,0.72903,0.72562,0.72874,369.4,1690430400000
1017,0.72900,0.73032,0.72864,0.73032,349.0,1690432200000
1018,0.73039,0.73392,0.73028,0.73274,650.8,1690434000000
1019,0.73305,0.73342,0.73120,0.73120,2821.1,1690435800000
1020,0.73180,0.73350,0.73040,0.73049,221.3,1690437600000
1021,0.73055,0.73089,0.72633,0.72643,2832.5,1690439400000
1022,0.72651,0.72785,0.72604,0.72674,214.6,1690441200000
1023,0.72665,0.72867,0.72467,0.72624,395.2,1690443000000
1024,0.72644,0.72882,0.72399,0.72880,219.2,1690444800000
1025,0.72872,0.73062,0.72825,0.73017,156.9,1690446600000
1026,0.73127,0.73570,0.72962,0.73482,2536.1,1690448400000
1027,0.73490,0.73490,0.73213,0.73275,1260.9,1690450200000
1028,0.73288,0.73313,0.73057,0.73057,148.9,1690452000000
1029,0.73073,0.73073,0.72812,0.72883,218.5,1690453800000
1030,0.72875,0.73035,0.72816,0.72910,1291.4,1690455600000
1031,0.72880,0.73205,0.72880,0.73183,1872.4,1690457400000
1032,0.73220,0.73248,0.73092,0.73222,7313.7,1690459200000
1033,0.73217,0.73306,0.72945,0.73047,3297.4,1690461000000
1034,0.73053,0.73115,0.72695,0.72889,9547.2,1690462800000
1035,0.72818,0.73087,0.72626,0.72767,10542.4,1690464600000
1036,0.72758,0.72762,0.72409,0.72463,16135.4,1690466400000
1037,0.72460,0.72617,0.72036,0.72224,1037.0,1690468200000
1038,0.72203,0.72317,0.71905,0.72234,4745.2,1690470000000
1039,0.72224,0.72592,0.72096,0.72167,2922.2,1690471800000
1040,0.72179,0.72336,0.72106,0.72161,2522.0,1690473600000
1041,0.72162,0.72418,0.72157,0.72317,1689.1,1690475400000
1042,0.72314,0.72424,0.71968,0.72214,2653.0,1690477200000
1043,0.72238,0.72239,0.72045,0.72069,246.4,1690479000000
1044,0.72076,0.72111,0.71742,0.71840,6160.3,1690480800000
1045,0.71819,0.71852,0.71167,0.71305,58967.1,1690482600000
1046,0.71272,0.71638,0.71254,0.71471,2645.3,1690484400000
1047,0.71470,0.71621,0.71267,0.71612,16338.2,1690486200000
1048,0.71612,0.71699,0.71500,0.71551,1496.5,1690488000000
1049,0.71567,0.71616,0.71463,0.71525,6058.0,1690489800000
1050,0.71535,0.71539,0.71277,0.71341,4389.5,1690491600000
1051,0.71337,0.71658,0.71337,0.71528,3178.2,1690493400000
1052,0.71565,0.71852,0.71565,0.71723,212.8,1690495200000
1053,0.71728,0.71886,0.71618,0.71618,9046.9,1690497000000
1054,0.71610,0.71728,0.71487,0.71560,502.0,1690498800000
1055,0.71577,0.71728,0.71565,0.71711,403.1,1690500600000
1056,0.71747,0.71766,0.71579,0.71725,384.6,1690502400000
1057,0.71764,0.72123,0.71696,0.72092,5705.2,1690504200000
1058,0.72042,0.72083,0.71915,0.71933,935.6,1690506000000
1059,0.71922,0.72041,0.71855,0.71945,1892.4,1690507800000
1060,0.71928,0.71980,0.71677,0.71704,847.8,1690509600000
1061,0.71706,0.71765,0.71541,0.71765,95.8,1690511400000
1062,0.71745,0.71826,0.71656,0.71789,6175.1,1690513200000
1063,0.71827,0.71989,0.71607,0.71728,158.8,1690515000000
1064,0.71761,0.71762,0.71384,0.71406,1686.3,1690516800000
1065,0.71387,0.71535,0.71366,0.71487,1671.2,1690518600000
1066,0.71468,0.71493,0.71200,0.71239,21820.9,1690520400000
1067,0.71213,0.71249,0.70521,0.70744,31842.8,1690522200000
1068,0.70743,0.70924,0.70579,0.70923,11079.7,1690524000000
1069,0.70911,0.70951,0.70803,0.70866,150.9,1690525800000
1070,0.70874,0.71104,0.70872,0.71073,1358.2,1690527600000
1071,0.71071,0.71077,0.70796,0.70843,61.5,1690529400000
1072,0.70826,0.70873,0.70612,0.70834,155.2,1690531200000
1073,0.70888,0.70945,0.70699,0.70736,991.2,1690533000000
1074,0.70767,0.70802,0.70664,0.70691,134.6,1690534800000
1075,0.70717,0.71215,0.70717,0.71200,168.8,1690536600000
1076,0.71207,0.71274,0.71076,0.71126,2030.6,1690538400000
1077,0.71118,0.71216,0.71089,0.71122,318.5,1690540200000
1078,0.71106,0.71171,0.71010,0.71038,1445.7,1690542000000
1079,0.71039,0.71168,0.71022,0.71065,3359.8,1690543800000
1080,0.71032,0.71157,0.70949,0.71157,1733.3,1690545600000
1081,0.71193,0.71483,0.71095,0.71483,670.2,1690547400000
1082,0.71467,0.71467,0.71100,0.71168,2149.3,1690549200000
1083,0.71173,0.71280,0.71076,0.71218,7854.4,1690551000000
1084,0.71244,0.71839,0.71244,0.71839,8662.7,1690552800000
1085,0.71914,0.72072,0.71817,0.71952,7223.4,1690554600000
1086,0.71986,0.72124,0.71899,0.71944,1429.7,1690556400000
1087,0.71984,0.71991,0.71459,0.71499,9523.5,1690558200000
1088,0.71511,0.71551,0.71312,0.71470,66354.9,1690560000000
1089,0.71480,0.71586,0.71382,0.71396,510.8,1690561800000
1090,0.71404,0.71444,0.71093,0.71123,3252.9,1690563600000
1091,0.71119,0.71130,0.70747,0.70978,1088.8,1690565400000
1092,0.70979,0.71089,0.70910,0.71047,1139.7,1690567200000
1093,0.71028,0.71220,0.71028,0.71137,28.7,1690569000000
1094,0.71133,0.71220,0.71049,0.71078,7326.3,1690570800000
1095,0.71036,0.71283,0.70974,0.71247,3308.1,1690572600000
1096,0.71203,0.71203,0.71001,0.71140,6524.7,1690574400000
1097,0.71154,0.71235,0.71105,0.71169,6303.0,1690576200000
1098,0.71181,0.71182,0.71070,0.71157,8234.0,1690578000000
1099,0.71197,0.71204,0.71026,0.71097,3676.0,1690579800000
1100,0.71072,0.71129,0.70977,0.71029,2019.5,1690581600000
1101,0.71007,0.71058,0.70935,0.70969,6468.4,1690583400000
1102,0.70982,0.71081,0.70967,0.71073,1513.6,1690585200000
1103,0.71071,0.71081,0.70904,0.70917,497.0,1690587000000
1104,0.70940,0.71022,0.70744,0.71014,1870.5,1690588800000
1105,0.71016,0.71210,0.71016,0.71109,285.1,1690590600000
1106,0.71142,0.71190,0.71016,0.71060,287.4,1690592400000
1107,0.71060,0.71354,0.71060,0.71268,4034.4,1690594200000
1108,0.71290,0.71328,0.71164,0.71270,200.4,1690596000000
1109,0.71264,0.71326,0.71171,0.71317,732.3,1690597800000
1110,0.71313,0.71377,0.71208,0.71243,4037.1,1690599600000
1111,0.71221,0.71238,0.71126,0.71224,1608.2,1690601400000
1112,0.71224,0.71294,0.71147,0.71257,4079.9,1690603200000
1113,0.71277,0.71411,0.71215,0.71342,1326.5,1690605000000
1114,0.71377,0.71469,0.71286,0.71286,429.9,1690606800000
1115,0.71286,0.71471,0.71279,0.71419,2917.8,1690608600000
1116,0.71395,0.71411,0.71247,0.71270,858.8,1690610400000
1117,0.71270,0.71317,0.71083,0.71170,981.0,1690612200000
1118,0.71102,0.71281,0.71101,0.71129,2648.5,1690614000000
1119,0.71129,0.71216,0.71075,0.71119,635.3,1690615800000
1120,0.71098,0.71231,0.71074,0.71144,352.8,1690617600000
1121,0.71131,0.71148,0.70951,0.71043,2374.2,1690619400000
1122,0.71013,0.71159,0.70975,0.71109,1572.2,1690621200000
1123,0.71110,0.71110,0.70936,0.71086,1256.9,1690623000000
1124,0.71060,0.71125,0.70990,0.71106,541.8,1690624800000
1125,0.71059,0.71080,0.70979,0.70999,290.4,1690626600000
1126,0.70995,0.71124,0.70925,0.71088,3502.7,1690628400000
1127,0.71088,0.71088,0.70980,0.70984,79.2,1690630200000
1128,0.70985,0.71209,0.70940,0.71209,102.6,1690632000000
1129,0.71214,0.71261,0.70980,0.71012,1719.1,1690633800000
1130,0.71068,0.71637,0.71025,0.71519,8308.1,1690635600000
1131,0.71549,0.71653,0.71504,0.71558,10363.0,1690637400000
1132,0.71555,0.71828,0.71555,0.71682,2254.7,1690639200000
1133,0.71680,0.71753,0.71496,0.71609,2027.1,1690641000000
1134,0.71612,0.71796,0.71612,0.71727,3903.2,1690642800000
1135,0.71719,0.71855,0.71691,0.71803,3256.0,1690644600000
1136,0.71869,0.71903,0.71605,0.71610,2023.5,1690646400000
1137,0.71627,0.71778,0.71578,0.71769,2517.2,1690648200000
1138,0.71762,0.71929,0.71762,0.71822,1995.0,1690650000000
1139,0.71821,0.72039,0.71819,0.71825,11021.6,1690651800000
1140,0.71847,0.71863,0.71599,0.71743,674.0,1690653600000
1141,0.71714,0.71805,0.71663,0.71755,1019.9,1690655400000
1142,0.71782,0.72005,0.71734,0.71968,2479.7,1690657200000
1143,0.71941,0.71969,0.71821,0.71903,176.2,1690659000000
1144,0.71918,0.72398,0.71860,0.72285,475.9,1690660800000
1145,0.72282,0.72282,0.72064,0.72064,508.4,1690662600000
1146,0.72126,0.72162,0.71990,0.72057,5880.5,1690664400000
1147,0.72067,0.72072,0.71909,0.71943,931.8,1690666200000
1148,0.71968,0.72065,0.71937,0.71937,396.9,1690668000000
1149,0.71947,0.71980,0.71832,0.71832,4423.4,1690669800000
1150,0.71807,0.71948,0.71801,0.71849,9821.6,1690671600000
1151,0.71833,0.71935,0.71826,0.71837,1692.3,1690673400000
1152,0.71881,0.71902,0.71686,0.71755,2381.9,1690675200000
1153,0.71765,0.71895,0.71649,0.71895,1717.6,1690677000000
1154,0.71881,0.71935,0.71784,0.71800,264.0,1690678800000
1155,0.71818,0.71818,0.71609,0.71679,526.1,1690680600000
1156,0.71685,0.71780,0.71668,0.71685,2163.2,1690682400000
1157,0.71729,0.71786,0.71694,0.71716,424.5,1690684200000
1158,0.71714,0.71866,0.71709,0.71851,937.9,1690686000000
1159,0.71822,0.71824,0.71711,0.71718,139.1,1690687800000
1160,0.71718,0.71766,0.71638,0.71723,231.8,1690689600000
1161,0.71720,0.71791,0.71686,0.71686,175.1,1690691400000
1162,0.71739,0.71765,0.71650,0.71733,5393.9,1690693200000
1163,0.71733,0.71733,0.71631,0.71663,170.1,1690695000000
1164,0.71665,0.71711,0.71447,0.71480,1512.4,1690696800000
1165,0.71476,0.71515,0.71216,0.71279,3223.6,1690698600000
1166,0.71252,0.71401,0.71232,0.71257,1148.2,1690700400000
1167,0.71182,0.71188,0.70778,0.71092,12856.6,1690702200000
1168,0.71058,0.71239,0.71040,0.71225,1045.4,1690704000000
1169,0.71225,0.71261,0.71149,0.71220,1800.0,1690705800000
1170,0.71235,0.71237,0.71058,0.71209,1873.8,1690707600000
1171,0.71216,0.71216,0.71051,0.71153,126.6,1690709400000
1172,0.71155,0.71242,0.71037,0.71115,2957.8,1690711200000
1173,0.71104,0.71146,0.70888,0.71018,2274.4,1690713000000
1174,0.70977,0.71290,0.70973,0.70985,80.0,1690714800000
1175,0.70990,0.71242,0.70988,0.71205,168.8,1690716600000
1176,0.71204,0.71313,0.71129,0.71286,2528.2,1690718400000
1177,0.71298,0.71298,0.71179,0.71184,1269.2,1690720200000
1178,0.71202,0.71202,0.70943,0.70951,70.2,1690722000000
1179,0.70949,0.70969,0.70596,0.70722,3257.6,1690723800000
1180,0.70727,0.70910,0.70723,0.70836,300.5,1690725600000
1181,0.70820,0.71113,0.70662,0.71068,5490.1,1690727400000
1182,0.71057,0.71285,0.70951,0.71155,4182.6,1690729200000
1183,0.71092,0.71195,0.70628,0.70769,3329.2,1690731000000
1184,0.70782,0.70928,0.70709,0.70747,774.6,1690732800000
1185,0.70738,0.70738,0.70387,0.70651,7583.5,1690734600000
1186,0.70647,0.70693,0.70526,0.70676,3943.1,1690736400000
1187,0.70674,0.70783,0.70625,0.70781,137.9,1690738200000
1188,0.70803,0.70806,0.70675,0.70695,5512.1,1690740000000
1189,0.70691,0.70735,0.70630,0.70725,5907.9,1690741800000
1190,0.70723,0.70787,0.70581,0.70623,225.9,1690743600000
1191,0.70648,0.70678,0.68970,0.69382,40702.1,1690745400000
1192,0.69374,0.69374,0.68050,0.69209,41597.5,1690747200000
1193,0.69169,0.69622,0.69028,0.69549,12012.6,1690749000000
1194,0.69519,0.69519,0.69270,0.69446,1212.2,1690750800000
1195,0.69471,0.69607,0.69306,0.69549,13672.1,1690752600000
1196,0.69510,0.69557,0.69343,0.69425,7779.0,1690754400000
1197,0.69398,0.69523,0.69337,0.69408,11964.0,1690756200000
1198,0.69422,0.69788,0.69413,0.69788,1287.9,1690758000000
1199,0.69809,0.69885,0.69702,0.69725,3398.7,1690759800000
1200,0.69748,0.69920,0.69510,0.69835,2725.6,1690761600000
1201,0.69845,0.70742,0.69817,0.70703,4578.5,1690763400000
1202,0.70702,0.70800,0.70118,0.70192,2302.1,1690765200000
1203,0.70159,0.70342,0.70107,0.70320,395.8,1690767000000
1204,0.70357,0.70524,0.70278,0.70504,1552.0,1690768800000
1205,0.70498,0.70709,0.70498,0.70647,260.0,1690770600000
1206,0.70646,0.70703,0.70474,0.70544,79.6,1690772400000
1207,0.70567,0.70578,0.70336,0.70352,598.2,1690774200000
1208,0.70426,0.70440,0.70069,0.70069,1573.3,1690776000000
1209,0.70061,0.70096,0.69867,0.69979,2547.2,1690777800000
1210,0.69964,0.70079,0.69877,0.70054,1119.1,1690779600000
1211,0.70031,0.70101,0.69757,0.69790,139.5,1690781400000
1212,0.69770,0.69972,0.69749,0.69956,1112.0,1690783200000
1213,0.69951,0.69993,0.69815,0.69959,4596.7,1690785000000
1214,0.69962,0.70159,0.69905,0.70120,650.0,1690786800000
1215,0.70124,0.70243,0.69854,0.69860,2169.5,1690788600000
1216,0.69843,0.70233,0.69843,0.70231,843.2,1690790400000
1217,0.70227,0.70351,0.70064,0.70339,4335.3,1690792200000
1218,0.70370,0.70387,0.70017,0.70057,574.6,1690794000000
1219,0.70047,0.70048,0.69902,0.70031,8969.7,1690795800000
1220,0.70041,0.70118,0.69959,0.70112,350.3,1690797600000
1221,0.70119,0.70122,0.69979,0.70083,452.8,1690799400000
1222,0.70084,0.70277,0.70084,0.70185,1765.9,1690801200000
1223,0.70172,0.70273,0.70132,0.70263,344.1,1690803000000
1224,0.70284,0.70297,0.70128,0.70241,8513.8,1690804800000
1225,0.70260,0.70480,0.70260,0.70480,1567.6,1690806600000
1226,0.70539,0.70540,0.70170,0.70170,3640.7,1690808400000
1227,0.70155,0.70204,0.69492,0.69670,3764.6,1690810200000
1228,0.69662,0.69931,0.69470,0.69715,1750.0,1690812000000
1229,0.69728,0.69824,0.69509,0.69714,7877.3,1690813800000
1230,0.69692,0.69692,0.69328,0.69388,4211.4,1690815600000
1231,0.69389,0.69434,0.69000,0.69057,5717.3,1690817400000
1232,0.69081,0.69366,0.68959,0.69297,439.9,1690819200000
1233,0.69307,0.69461,0.69307,0.69345,19659.0,1690821000000
1234,0.69327,0.69418,0.69130,0.69171,6622.8,1690822800000
1235,0.69166,0.69552,0.69094,0.69475,1186.0,1690824600000
1236,0.69442,0.69442,0.68991,0.69120,3574.5,1690826400000
1237,0.69132,0.69199,0.69043,0.69098,2810.3,1690828200000
1238,0.69101,0.69101,0.68722,0.68809,6258.1,1690830000000
1239,0.68861,0.69039,0.68218,0.68480,9283.9,1690831800000
1240,0.68435,0.68795,0.68070,0.68751,9112.5,1690833600000
1241,0.68769,0.68869,0.68251,0.68601,4808.8,1690835400000
1242,0.68601,0.68980,0.68384,0.68652,12166.6,1690837200000
1243,0.68635,0.68724,0.68549,0.68657,6324.6,1690839000000
1244,0.68630,0.68771,0.68544,0.68770,526.1,1690840800000
1245,0.68771,0.68807,0.68568,0.68715,259.0,1690842600000
1246,0.68708,0.68787,0.68555,0.68696,1296.8,1690844400000
1247,0.68673,0.68930,0.68672,0.68752,1239.6,1690846200000
1248,0.68778,0.68919,0.68604,0.68887,1440.7,1690848000000
1249,0.68887,0.69237,0.68885,0.69199,4389.9,1690849800000
1250,0.69199,0.69271,0.68856,0.68871,2352.6,1690851600000
1251,0.68876,0.68876,0.68238,0.68394,4784.5,1690853400000
1252,0.68415,0.68463,0.66154,0.67159,74349.6,1690855200000
1253,0.67089,0.67429,0.67088,0.67403,6055.0,1690857000000
1254,0.67376,0.67443,0.67135,0.67248,18522.7,1690858800000
1255,0.67255,0.67297,0.66936,0.67115,9412.7,1690860600000
1256,0.67130,0.67250,0.66970,0.67043,4678.3,1690862400000
1257,0.67052,0.67246,0.66959,0.66959,9024.3,1690864200000
1258,0.66994,0.67226,0.66971,0.67208,9188.6,1690866000000
1259,0.67209,0.67447,0.67160,0.67447,6947.4,1690867800000
1260,0.67442,0.67581,0.67311,0.67563,4146.2,1690869600000
1261,0.67557,0.67861,0.67532,0.67811,4515.9,1690871400000
1262,0.67811,0.67919,0.67685,0.67776,5174.4,1690873200000
1263,0.67789,0.67935,0.67767,0.67816,2802.7,1690875000000
1264,0.67843,0.68240,0.67798,0.68209,14587.8,1690876800000
1265,0.68185,0.68218,0.67998,0.68218,1244.7,1690878600000
1266,0.68228,0.68237,0.67937,0.67994,4325.5,1690880400000
1267,0.68010,0.68143,0.67929,0.67985,3048.2,1690882200000
1268,0.67908,0.68065,0.67908,0.68033,910.4,1690884000000
1269,0.68033,0.68161,0.68031,0.68040,2046.1,1690885800000
1270,0.68057,0.68339,0.68042,0.68175,8807.5,1690887600000
1271,0.68153,0.68227,0.67989,0.68013,2896.3,1690889400000
1272,0.68003,0.68101,0.67785,0.67850,5653.4,1690891200000
1273,0.67863,0.68368,0.67796,0.68191,5878.6,1690893000000
1274,0.68223,0.68276,0.68115,0.68269,1503.1,1690894800000
1275,0.68239,0.68283,0.68115,0.68172,13687.2,1690896600000
1276,0.68118,0.68325,0.67899,0.67997,8203.9,1690898400000
1277,0.68019,0.68038,0.67500,0.67588,2169.3,1690900200000
1278,0.67611,0.67731,0.67444,0.67469,4111.5,1690902000000
1279,0.67485,0.68341,0.66847,0.68321,11461.9,1690903800000
1280,0.68366,0.68845,0.68314,0.68438,3923.5,1690905600000
1281,0.68441,0.68441,0.68000,0.68171,1545.2,1690907400000
1282,0.68167,0.68405,0.68164,0.68294,484.0,1690909200000
1283,0.68307,0.68307,0.68114,0.68164,1229.7,1690911000000
1284,0.68205,0.68692,0.68205,0.68476,4729.6,1690912800000
1285,0.68498,0.68799,0.68476,0.68778,20923.3,1690914600000
1286,0.68824,0.69102,0.68688,0.68781,3680.8,1690916400000
1287,0.68765,0.68895,0.68634,0.68830,2759.8,1690918200000
1288,0.68856,0.68927,0.68596,0.68596,647.8,1690920000000
1289,0.68599,0.68739,0.68470,0.68664,3800.9,1690921800000
1290,0.68663,0.68779,0.68623,0.68779,16028.5,1690923600000
1291,0.68805,0.68886,0.68544,0.68667,43.8,1690925400000
1292,0.68649,0.68821,0.68556,0.68719,12188.7,1690927200000
1293,0.68741,0.68829,0.68631,0.68792,1010.7,1690929000000
1294,0.68802,0.69623,0.68801,0.69597,18080.4,1690930800000
1295,0.69634,0.70377,0.69615,0.70194,16047.1,1690932600000
1296,0.70231,0.70299,0.69994,0.70101,3448.5,1690934400000
1297,0.70087,0.70092,0.69808,0.69845,161.4,1690936200000
1298,0.69848,0.70124,0.69688,0.70124,4257.2,1690938000000
1299,0.70148,0.70265,0.69800,0.69800,5117.2,1690939800000
1300,0.69800,0.69800,0.69620,0.69733,208.1,1690941600000
1301,0.69740,0.69810,0.69688,0.69776,3996.2,1690943400000
1302,0.69784,0.69804,0.69543,0.69613,1165.7,1690945200000
1303,0.69628,0.69703,0.69414,0.69414,885.0,1690947000000
1304,0.69440,0.69464,0.69207,0.69428,757.0,1690948800000
1305,0.69419,0.69501,0.69268,0.69285,23338.3,1690950600000
1306,0.69267,0.69363,0.69192,0.69251,28169.6,1690952400000
1307,0.69236,0.69274,0.69113,0.69226,101.5,1690954200000
1308,0.69186,0.69411,0.69186,0.69350,6375.2,1690956000000
1309,0.69347,0.69362,0.69065,0.69065,126.1,1690957800000
1310,0.69064,0.69392,0.69064,0.69287,2255.2,1690959600000
1311,0.69306,0.69322,0.68894,0.68939,4465.0,1690961400000
1312,0.68891,0.69063,0.68810,0.69030,4122.9,1690963200000
1313,0.69031,0.69170,0.68921,0.69094,1014.6,1690965000000
1314,0.69094,0.69295,0.69045,0.69247,131.4,1690966800000
1315,0.69247,0.69257,0.69042,0.69081,1334.4,1690968600000
1316,0.69086,0.69248,0.69074,0.69210,51.2,1690970400000
1317,0.69205,0.69505,0.69188,0.69478,163.1,1690972200000
1318,0.69493,0.69599,0.69409,0.69525,138.1,1690974000000
1319,0.69494,0.69680,0.69492,0.69665,185.7,1690975800000
1320,0.69640,0.69769,0.69447,0.69500,3566.6,1690977600000
1321,0.69515,0.69515,0.69281,0.69334,739.6,1690979400000
1322,0.69330,0.69401,0.69215,0.69300,6888.1,1690981200000
1323,0.69281,0.69364,0.69067,0.69233,1811.2,1690983000000
1324,0.69157,0.69229,0.68677,0.68677,5996.7,1690984800000
1325,0.68672,0.68734,0.68387,0.68462,6529.1,1690986600000
1326,0.68481,0.68517,0.68121,0.68491,4751.0,1690988400000
1327,0.68480,0.68846,0.68480,0.68787,4450.5,1690990200000
1328,0.68756,0.68872,0.68518,0.68561,1124.0,1690992000000
1329,0.68533,0.68830,0.67500,0.67930,8784.8,1690993800000
1330,0.67858,0.68352,0.67802,0.68261,8132.3,1690995600000
1331,0.68253,0.68451,0.68092,0.68280,7107.7,1690997400000
1332,0.68242,0.68529,0.68195,0.68319,3003.3,1690999200000
1333,0.68320,0.68340,0.67987,0.68110,18861.8,1691001000000
1334,0.68110,0.68345,0.68100,0.68344,5005.2,1691002800000
1335,0.68346,0.68495,0.68222,0.68440,3866.9,1691004600000
1336,0.68380,0.68452,0.68259,0.68375,848.4,1691006400000
1337,0.68405,0.68525,0.68347,0.68347,5871.1,1691008200000
1338,0.68375,0.68407,0.68069,0.68305,4571.8,1691010000000
1339,0.68315,0.68453,0.68214,0.68447,506.7,1691011800000
1340,0.68467,0.68599,0.68413,0.68510,2759.9,1691013600000
1341,0.68525,0.68525,0.68190,0.68191,1048.9,1691015400000
1342,0.68229,0.68235,0.68031,0.68102,1345.5,1691017200000
1343,0.68113,0.68122,0.67978,0.68032,938.9,1691019000000
1344,0.68019,0.68224,0.67868,0.68079,1311.9,1691020800000
1345,0.68082,0.68229,0.67909,0.67911,2495.9,1691022600000
1346,0.67936,0.68150,0.67896,0.68096,2191.7,1691024400000
1347,0.68147,0.68460,0.68112,0.68440,1350.8,1691026200000
1348,0.68458,0.68481,0.68102,0.68102,247.2,1691028000000
1349,0.68101,0.68180,0.67986,0.68174,298.9,1691029800000
1350,0.68173,0.68173,0.68016,0.68109,69.4,1691031600000
1351,0.68110,0.68181,0.68065,0.68166,109.4,1691033400000
1352,0.68199,0.68206,0.67993,0.67993,106.1,1691035200000
1353,0.68007,0.68007,0.67821,0.67860,20880.8,1691037000000
1354,0.67863,0.67887,0.67516,0.67623,2508.9,1691038800000
1355,0.67603,0.67878,0.67590,0.67823,682.2,1691040600000
1356,0.67839,0.67848,0.67671,0.67696,4207.3,1691042400000
1357,0.67680,0.67712,0.67250,0.67435,368.4,1691044200000
1358,0.67429,0.67534,0.67128,0.67233,1175.1,1691046000000
1359,0.67226,0.67375,0.67166,0.67294,524.6,1691047800000
1360,0.67280,0.67362,0.66801,0.67070,4054.9,1691049600000
1361,0.67099,0.67339,0.67069,0.67279,1308.4,1691051400000
1362,0.67299,0.67526,0.67247,0.67375,1734.1,1691053200000
1363,0.67361,0.67569,0.67332,0.67533,1162.1,1691055000000
1364,0.67541,0.67599,0.67423,0.67520,2268.2,1691056800000
1365,0.67531,0.67701,0.67512,0.67597,40.5,1691058600000
1366,0.67596,0.67680,0.67523,0.67527,1634.7,1691060400000
1367,0.67553,0.67759,0.67553,0.67680,8225.2,1691062200000
1368,0.67665,0.67726,0.67401,0.67422,2437.9,1691064000000
1369,0.67452,0.67493,0.67231,0.67380,3392.5,1691065800000
1370,0.67417,0.67571,0.67330,0.67350,14117.3,1691067600000
1371,0.67351,0.67590,0.67261,0.67561,81.3,1691069400000
1372,0.67588,0.67915,0.67536,0.67915,4498.1,1691071200000
1373,0.67894,0.68447,0.67835,0.68422,4077.9,1691073000000
1374,0.68419,0.68422,0.67812,0.67929,2197.4,1691074800000
1375,0.67907,0.68012,0.67827,0.67877,5485.0,1691076600000
1376,0.67847,0.67995,0.67709,0.67995,7096.5,1691078400000
1377,0.68002,0.68121,0.67880,0.68094,74.9,1691080200000
1378,0.68088,0.68434,0.68065,0.68141,7163.7,1691082000000
1379,0.68157,0.68160,0.67797,0.67829,3041.6,1691083800000
1380,0.67764,0.67764,0.67479,0.67500,1823.3,1691085600000
1381,0.67447,0.67571,0.67403,0.67419,4460.8,1691087400000
1382,0.67380,0.67380,0.66955,0.67130,1393.6,1691089200000
1383,0.67103,0.67362,0.67010,0.67348,2194.9,1691091000000
1384,0.67308,0.67616,0.67219,0.67616,1457.0,1691092800000
1385,0.67608,0.67641,0.67236,0.67236,1445.2,1691094600000
1386,0.67273,0.67324,0.67131,0.67177,286.9,1691096400000
1387,0.67207,0.67297,0.66796,0.66882,913.8,1691098200000
1388,0.66875,0.66989,0.66220,0.66362,4452.7,1691100000000
1389,0.66301,0.66872,0.66268,0.66858,1940.4,1691101800000
1390,0.66842,0.66983,0.66815,0.66892,1806.7,1691103600000
1391,0.66892,0.66994,0.66763,0.66789,6482.2,1691105400000
1392,0.66790,0.66960,0.66584,0.66740,3565.5,1691107200000
1393,0.66710,0.67078,0.66600,0.67059,2994.4,1691109000000
1394,0.67046,0.67046,0.66797,0.66818,5823.5,1691110800000
1395,0.66833,0.67077,0.66831,0.66878,10865.1,1691112600000
1396,0.66872,0.66998,0.66699,0.66824,1641.2,1691114400000
1397,0.66854,0.67109,0.66846,0.67071,1030.0,1691116200000
1398,0.67059,0.67104,0.66917,0.67019,394.8,1691118000000
1399,0.67020,0.67077,0.66806,0.66899,878.5,1691119800000
1400,0.66960,0.66960,0.66671,0.66747,2270.5,1691121600000
1401,0.66743,0.66984,0.66624,0.66984,173.2,1691123400000
1402,0.66986,0.67010,0.66840,0.66845,158.6,1691125200000
1403,0.66826,0.66932,0.66812,0.66855,188.9,1691127000000
1404,0.66853,0.66921,0.66783,0.66884,786.2,1691128800000
1405,0.66880,0.66880,0.66538,0.66538,321.0,1691130600000
1406,0.66543,0.66679,0.66473,0.66523,102.8,1691132400000
1407,0.66524,0.66731,0.66491,0.66685,2439.8,1691134200000
1408,0.66644,0.66881,0.66606,0.66606,3371.2,1691136000000
1409,0.66593,0.66655,0.66486,0.66568,4981.6,1691137800000
1410,0.66581,0.66802,0.66520,0.66802,86.6,1691139600000
1411,0.66794,0.66826,0.66718,0.66742,193.7,1691141400000
1412,0.66750,0.66806,0.66721,0.66802,751.1,1691143200000
1413,0.66804,0.66834,0.66657,0.66715,1306.6,1691145000000
1414,0.66719,0.66767,0.66629,0.66739,1293.4,1691146800000
1415,0.66743,0.66837,0.66678,0.66796,812.1,1691148600000
1416,0.66764,0.66938,0.66665,0.66938,240.4,1691150400000
1417,0.66920,0.67422,0.66830,0.67179,3933.6,1691152200000
1418,0.67170,0.67329,0.67148,0.67250,139.6,1691154000000
1419,0.67250,0.67636,0.67250,0.67335,2366.1,1691155800000
1420,0.67339,0.67355,0.67049,0.67309,1395.4,1691157600000
1421,0.67329,0.67470,0.67241,0.67377,3560.4,1691159400000
1422,0.67439,0.67440,0.67210,0.67340,1113.8,1691161200000
1423,0.67347,0.67500,0.67332,0.67461,2874.9,1691163000000
1424,0.67472,0.67668,0.67365,0.67648,3455.7,1691164800000
1425,0.67648,0.67800,0.67521,0.67756,2396.7,1691166600000
1426,0.67763,0.67764,0.67399,0.67432,2710.3,1691168400000
1427,0.67435,0.67446,0.67270,0.67270,60894.1,1691170200000
1428,0.67270,0.67298,0.66889,0.66989,4022.5,1691172000000
1429,0.66974,0.67072,0.66318,0.66671,9320.9,1691173800000
1430,0.66670,0.66833,0.66583,0.66671,3204.9,1691175600000
1431,0.66684,0.66790,0.66454,0.66560,3470.2,1691177400000
1432,0.66561,0.66827,0.66499,0.66827,2414.0,1691179200000
1433,0.66827,0.66827,0.65833,0.66219,9037.3,1691181000000
1434,0.66183,0.66670,0.66183,0.66543,347.3,1691182800000
1435,0.66567,0.66656,0.66219,0.66244,53.1,1691184600000
1436,0.66230,0.66495,0.66230,0.66428,2751.1,1691186400000
1437,0.66421,0.66482,0.66349,0.66363,135.2,1691188200000
1438,0.66370,0.66484,0.66296,0.66345,103.4,1691190000000
1439,0.66340,0.66552,0.66309,0.66400,4271.5,1691191800000
1440,0.66444,0.66528,0.66236,0.66403,6772.7,1691193600000
1441,0.66405,0.66540,0.66378,0.66448,1837.5,1691195400000
1442,0.66449,0.66567,0.66190,0.66219,134.5,1691197200000
1443,0.66209,0.66280,0.65796,0.65864,5731.2,1691199000000
1444,0.65865,0.66263,0.65864,0.66095,1648.2,1691200800000
1445,0.66097,0.66356,0.66086,0.66187,756.3,1691202600000
1446,0.66176,0.66430,0.66176,0.66409,584.1,1691204400000
1447,0.66411,0.66414,0.66245,0.66361,87.3,1691206200000
1448,0.66409,0.66430,0.66277,0.66312,1389.3,1691208000000
1449,0.66335,0.66336,0.66037,0.66215,124.7,1691209800000
1450,0.66218,0.66340,0.66131,0.66298,278.4,1691211600000
1451,0.66319,0.66541,0.66280,0.66541,2213.7,1691213400000
1452,0.66530,0.66557,0.66438,0.66545,1853.7,1691215200000
1453,0.66545,0.66626,0.66509,0.66514,316.5,1691217000000
1454,0.66479,0.66555,0.66399,0.66399,1345.3,1691218800000
1455,0.66392,0.66545,0.66374,0.66431,954.4,1691220600000
1456,0.66431,0.66512,0.66385,0.66414,1581.1,1691222400000
1457,0.66415,0.66674,0.66415,0.66627,100.7,1691224200000
1458,0.66602,0.66698,0.66539,0.66600,1791.0,1691226000000
1459,0.66600,0.66639,0.66497,0.66551,106.3,1691227800000
1460,0.66525,0.66651,0.66525,0.66591,2107.2,1691229600000
1461,0.66593,0.66618,0.66401,0.66596,2848.0,1691231400000
1462,0.66596,0.66784,0.66560,0.66674,909.6,1691233200000
1463,0.66674,0.66706,0.66464,0.66480,1150.1,1691235000000
1464,0.66465,0.66470,0.66149,0.66279,3297.8,1691236800000
1465,0.66230,0.66240,0.66084,0.66152,5328.8,1691238600000
1466,0.66150,0.66346,0.66129,0.66299,238.5,1691240400000
1467,0.66295,0.66295,0.66105,0.66215,1513.5,1691242200000
1468,0.66215,0.66568,0.66215,0.66554,1105.5,1691244000000
1469,0.66559,0.66714,0.66353,0.66681,15317.4,1691245800000
1470,0.66680,0.66731,0.66305,0.66309,11164.0,1691247600000
1471,0.66334,0.66440,0.66216,0.66389,9621.8,1691249400000
1472,0.66399,0.66640,0.66289,0.66329,2065.6,1691251200000
1473,0.66321,0.66430,0.66189,0.66291,8034.6,1691253000000
1474,0.66303,0.66560,0.66303,0.66455,3520.0,1691254800000
1475,0.66451,0.66536,0.66359,0.66507,2720.8,1691256600000
1476,0.66490,0.66766,0.66469,0.66766,1499.9,1691258400000
1477,0.66779,0.66894,0.66651,0.66788,1948.7,1691260200000
1478,0.66764,0.66820,0.66635,0.66671,101.3,1691262000000
1479,0.66673,0.66690,0.66470,0.66481,2606.7,1691263800000
1480,0.66472,0.66570,0.66457,0.66494,221.4,1691265600000
1481,0.66502,0.66514,0.66334,0.66360,940.8,1691267400000
1482,0.66324,0.66570,0.66324,0.66561,1153.9,1691269200000
1483,0.66561,0.66655,0.66461,0.66467,3256.1,1691271000000
1484,0.66473,0.66590,0.66470,0.66590,4729.2,1691272800000
1485,0.66555,0.66766,0.66555,0.66743,2944.3,1691274600000
1486,0.66744,0.66756,0.66599,0.66751,559.3,1691276400000
1487,0.66762,0.66776,0.66640,0.66758,2011.1,1691278200000
1488,0.66785,0.67002,0.66658,0.66948,3027.2,1691280000000
1489,0.66972,0.66998,0.66723,0.66884,309.1,1691281800000
1490,0.66906,0.66940,0.66690,0.66692,243.4,1691283600000
1491,0.66689,0.66795,0.66642,0.66686,2224.5,1691285400000
1492,0.66680,0.67407,0.66680,0.67306,7485.3,1691287200000
1493,0.67291,0.67339,0.67115,0.67218,3781.4,1691289000000
1494,0.67254,0.67309,0.67122,0.67269,528.2,1691290800000
1495,0.67258,0.67294,0.67110,0.67153,326.1,1691292600000
1496,0.67224,0.67253,0.67110,0.67221,3178.0,1691294400000
1497,0.67256,0.67431,0.67225,0.67353,184.3,1691296200000
1498,0.67355,0.67417,0.67217,0.67259,318.6,1691298000000
1499,0.67257,0.67395,0.67123,0.67395,4043.1,1691299800000
1500,0.67409,0.67473,0.67258,0.67381,190.2,1691301600000
1501,0.67382,0.67383,0.67231,0.67337,1998.1,1691303400000
1502,0.67335,0.67358,0.67116,0.67146,11633.6,1691305200000
1503,0.67148,0.67313,0.67111,0.67261,1796.4,1691307000000
1504,0.67227,0.67448,0.67184,0.67410,5817.2,1691308800000
1505,0.67422,0.67622,0.67390,0.67520,991.1,1691310600000
1506,0.67505,0.67505,0.67040,0.67040,2009.2,1691312400000
1507,0.67039,0.67137,0.66974,0.67137,958.7,1691314200000
1508,0.67130,0.67159,0.66897,0.66897,2383.6,1691316000000
1509,0.66880,0.66941,0.66743,0.66918,1964.1,1691317800000
1510,0.66918,0.66974,0.66858,0.66937,401.1,1691319600000
1511,0.66945,0.67052,0.66913,0.66924,1000.9,1691321400000
1512,0.66912,0.66980,0.66860,0.66867,2894.7,1691323200000
1513,0.66875,0.66967,0.66831,0.66866,256.1,1691325000000
1514,0.66889,0.66889,0.66524,0.66590,3002.0,1691326800000
1515,0.66599,0.66695,0.66479,0.66492,133.3,1691328600000
1516,0.66493,0.66804,0.66359,0.66718,2495.0,1691330400000
1517,0.66704,0.66770,0.66512,0.66657,2657.7,1691332200000
1518,0.66638,0.66765,0.66638,0.66686,1629.4,1691334000000
1519,0.66686,0.66809,0.66574,0.66672,1210.7,1691335800000
1520,0.66693,0.66733,0.66569,0.66681,1035.4,1691337600000
1521,0.66663,0.67064,0.66663,0.67025,219.9,1691339400000
1522,0.67015,0.67034,0.66773,0.66801,4783.0,1691341200000
1523,0.66826,0.66930,0.66740,0.66783,1574.5,1691343000000
1524,0.66782,0.66894,0.66782,0.66830,226.2,1691344800000
1525,0.66833,0.66917,0.66689,0.66697,3064.6,1691346600000
1526,0.66681,0.66740,0.66607,0.66623,616.7,1691348400000
1527,0.66629,0.66703,0.66599,0.66666,1694.4,1691350200000
1528,0.66665,0.66781,0.66635,0.66640,666.2,1691352000000
1529,0.66668,0.67049,0.66649,0.66946,1740.7,1691353800000
1530,0.66958,0.67322,0.66957,0.67184,1239.8,1691355600000
1531,0.67159,0.67159,0.66634,0.66670,1031.8,1691357400000
1532,0.66696,0.67086,0.66668,0.66966,3670.5,1691359200000
1533,0.66987,0.67021,0.66699,0.66732,711.6,1691361000000
1534,0.66732,0.66782,0.66622,0.66721,1792.4,1691362800000
1535,0.66744,0.66775,0.66660,0.66760,595.1,1691364600000
1536,0.66786,0.67016,0.66740,0.66829,2090.7,1691366400000
1537,0.66795,0.66941,0.66600,0.66782,4415.1,1691368200000
1538,0.66797,0.67918,0.66797,0.67816,6153.5,1691370000000
1539,0.67880,0.68250,0.67587,0.67690,3071.4,1691371800000
1540,0.67789,0.67892,0.67601,0.67769,14.4,1691373600000
1541,0.67779,0.67964,0.67694,0.67944,849.0,1691375400000
1542,0.67971,0.68024,0.67762,0.67986,509.4,1691377200000
1543,0.67980,0.67985,0.67707,0.67730,9.0,1691379000000
1544,0.67729,0.67976,0.67657,0.67964,211.8,1691380800000
1545,0.67964,0.67964,0.67664,0.67856,11.0,1691382600000
1546,0.67856,0.67891,0.67569,0.67597,16.5,1691384400000
1547,0.67612,0.67668,0.67485,0.67508,32.0,1691386200000
1548,0.67479,0.67481,0.67150,0.67159,782.4,1691388000000
1549,0.67161,0.67220,0.66839,0.66839,1443.1,1691389800000
1550,0.66839,0.67225,0.66839,0.67117,23.3,1691391600000
1551,0.67134,0.67264,0.67069,0.67263,2806.0,1691393400000
1552,0.67268,0.67268,0.67130,0.67237,157.1,1691395200000
1553,0.67223,0.67223,0.67069,0.67080,20.0,1691397000000
1554,0.67089,0.67269,0.67038,0.67269,135.6,1691398800000
1555,0.67290,0.67420,0.67224,0.67330,4254.9,1691400600000
1556,0.67325,0.67395,0.67233,0.67302,1439.1,1691402400000
1557,0.67278,0.67651,0.67265,0.67540,390.4,1691404200000
1558,0.67534,0.67546,0.67425,0.67458,7.9,1691406000000
1559,0.67448,0.67493,0.67386,0.67481,185.8,1691407800000
1560,0.67470,0.67549,0.67187,0.67195,602.7,1691409600000
1561,0.67200,0.67619,0.67179,0.67294,216.8,1691411400000
1562,0.67320,0.67376,0.66918,0.66946,457.8,1691413200000
1563,0.66955,0.67070,0.66788,0.66788,1692.6,1691415000000
1564,0.66788,0.66840,0.66591,0.66635,2812.1,1691416800000
1565,0.66580,0.66926,0.66562,0.66834,14528.8,1691418600000
1566,0.66811,0.66815,0.66314,0.66332,4084.4,1691420400000
1567,0.66307,0.66431,0.66125,0.66279,2787.3,1691422200000
1568,0.66261,0.66320,0.64889,0.65640,14493.7,1691424000000
1569,0.65640,0.65640,0.65050,0.65354,659.5,1691425800000
1570,0.65411,0.66017,0.65305,0.65668,23760.4,1691427600000
1571,0.65751,0.65855,0.65400,0.65835,1768.5,1691429400000
1572,0.65820,0.66442,0.65726,0.66221,9982.7,1691431200000
1573,0.66211,0.66290,0.65913,0.65965,466.9,1691433000000
1574,0.65965,0.65980,0.65766,0.65804,2759.6,1691434800000
1575,0.65790,0.66096,0.65766,0.66071,667.7,1691436600000
1576,0.66116,0.66160,0.65880,0.65980,4032.9,1691438400000
1577,0.65970,0.66225,0.65888,0.66220,1463.3,1691440200000
1578,0.66220,0.66550,0.66041,0.66486,2721.2,1691442000000
1579,0.66500,0.66500,0.66146,0.66279,411.5,1691443800000
1580,0.66247,0.66349,0.66235,0.66340,6.3,1691445600000
1581,0.66348,0.66630,0.66339,0.66501,146.7,1691447400000
1582,0.66501,0.66729,0.66380,0.66448,1515.4,1691449200000
1583,0.66470,0.66645,0.66372,0.66639,1731.4,1691451000000
1584,0.66674,0.66788,0.66530,0.66540,3098.3,1691452800000
1585,0.66540,0.66871,0.66476,0.66834,2140.5,1691454600000
1586,0.66850,0.66850,0.66333,0.66378,4946.4,1691456400000
1587,0.66378,0.66419,0.66259,0.66270,26913.9,1691458200000
1588,0.66294,0.66413,0.66239,0.66369,878.7,1691460000000
1589,0.66369,0.66543,0.66359,0.66390,85.5,1691461800000
1590,0.66389,0.66542,0.66389,0.66462,1049.5,1691463600000
1591,0.66463,0.66671,0.66463,0.66606,1780.2,1691465400000
1592,0.66638,0.66839,0.66509,0.66820,1090.3,1691467200000
1593,0.66820,0.66975,0.66754,0.66888,4186.7,1691469000000
1594,0.66903,0.66984,0.66775,0.66944,1012.4,1691470800000
1595,0.66940,0.67171,0.66838,0.67005,16936.0,1691472600000
1596,0.66985,0.67155,0.66912,0.67057,999.3,1691474400000
1597,0.67069,0.67229,0.66922,0.66952,1497.7,1691476200000
1598,0.66953,0.67002,0.66852,0.67001,131.8,1691478000000
1599,0.66984,0.66989,0.66808,0.66889,420.3,1691479800000
1600,0.66830,0.67281,0.66767,0.66973,8941.0,1691481600000
1601,0.66949,0.66998,0.66893,0.66937,2590.4,1691483400000
1602,0.66937,0.67147,0.66930,0.67081,22140.0,1691485200000
1603,0.67116,0.67204,0.67080,0.67130,2310.4,1691487000000
1604,0.67130,0.67322,0.67130,0.67298,269.8,1691488800000
1605,0.67258,0.67812,0.67258,0.67782,7721.6,1691490600000
1606,0.67888,0.67888,0.67481,0.67805,22.3,1691492400000
1607,0.67834,0.67876,0.67669,0.67842,4480.8,1691494200000
1608,0.67864,0.67864,0.67620,0.67728,5781.1,1691496000000
1609,0.67702,0.68380,0.67572,0.68271,6764.3,1691497800000
1610,0.68251,0.68502,0.67700,0.67778,3118.7,1691499600000
1611,0.67797,0.67815,0.67328,0.67501,14589.8,1691501400000
1612,0.67474,0.67631,0.67377,0.67577,10087.7,1691503200000
1613,0.67577,0.67804,0.67536,0.67545,2547.3,1691505000000
1614,0.67544,0.67830,0.67544,0.67824,18.2,1691506800000
1615,0.67824,0.68196,0.67814,0.67967,4042.6,1691508600000
1616,0.68022,0.68461,0.67998,0.68260,3444.6,1691510400000
1617,0.68227,0.69167,0.68227,0.68827,12999.2,1691512200000
1618,0.68905,0.69167,0.68675,0.68910,3598.3,1691514000000
1619,0.68880,0.69052,0.68730,0.68911,14235.3,1691515800000
1620,0.68904,0.69552,0.68814,0.69260,2638.9,1691517600000
1621,0.69317,0.69405,0.68698,0.68872,10831.5,1691519400000
1622,0.68874,0.69210,0.68874,0.69014,7946.0,1691521200000
1623,0.69014,0.69152,0.68834,0.69072,6215.7,1691523000000
1624,0.69089,0.69350,0.68966,0.69258,10803.5,1691524800000
1625,0.69287,0.69382,0.68980,0.69073,2678.5,1691526600000
1626,0.69062,0.69776,0.69046,0.69072,6168.1,1691528400000
1627,0.69032,0.69292,0.68800,0.68865,2467.1,1691530200000
1628,0.68898,0.68933,0.68596,0.68602,4900.6,1691532000000
1629,0.68612,0.68612,0.68356,0.68444,1614.2,1691533800000
1630,0.68471,0.68650,0.68457,0.68582,3310.6,1691535600000
1631,0.68581,0.68641,0.68506,0.68560,40.6,1691537400000
1632,0.68572,0.68955,0.68570,0.68939,1154.4,1691539200000
1633,0.68961,0.69207,0.68935,0.69145,3148.5,1691541000000
1634,0.69145,0.69324,0.68989,0.69305,849.6,1691542800000
1635,0.69350,0.69396,0.69083,0.69098,5082.7,1691544600000
1636,0.69088,0.69156,0.68711,0.68711,52.8,1691546400000
1637,0.68687,0.68792,0.68576,0.68615,2087.0,1691548200000
1638,0.68582,0.68817,0.68550,0.68811,1288.7,1691550000000
1639,0.68797,0.68832,0.68708,0.68805,3418.5,1691551800000
1640,0.68820,0.68894,0.68677,0.68894,3315.5,1691553600000
1641,0.68914,0.69081,0.68914,0.68949,6.5,1691555400000
1642,0.68949,0.69097,0.68909,0.69090,1542.3,1691557200000
1643,0.69089,0.69204,0.68989,0.69167,9.2,1691559000000
1644,0.69166,0.69183,0.68923,0.68934,2082.8,1691560800000
1645,0.68934,0.69045,0.68883,0.69036,1607.2,1691562600000
1646,0.69036,0.69322,0.69030,0.69251,2513.4,1691564400000
1647,0.69280,0.69445,0.69199,0.69384,1461.8,1691566200000
1648,0.69395,0.69461,0.69257,0.69257,1725.4,1691568000000
1649,0.69240,0.69364,0.69174,0.69295,11.0,1691569800000
1650,0.69348,0.69408,0.69278,0.69309,5100.7,1691571600000
1651,0.69310,0.69385,0.69054,0.69054,54.0,1691573400000
1652,0.69053,0.69252,0.69045,0.69212,640.4,1691575200000
1653,0.69240,0.69447,0.69077,0.69435,22843.3,1691577000000
1654,0.69448,0.69477,0.69241,0.69241,907.4,1691578800000
1655,0.69221,0.69321,0.69079,0.69270,49.0,1691580600000
1656,0.69270,0.69449,0.69237,0.69403,8827.1,1691582400000
1657,0.69421,0.69915,0.69421,0.69881,4637.3,1691584200000
1658,0.69881,0.69920,0.69554,0.69661,30.3,1691586000000
1659,0.69660,0.69660,0.69274,0.69339,4482.6,1691587800000
1660,0.69343,0.69536,0.69120,0.69261,13175.9,1691589600000
1661,0.69276,0.69450,0.68658,0.68658,3877.3,1691591400000
1662,0.68667,0.68766,0.68355,0.68668,6763.1,1691593200000
1663,0.68678,0.68792,0.68518,0.68636,1391.0,1691595000000
1664,0.68671,0.68759,0.68582,0.68706,5210.4,1691596800000
1665,0.68709,0.68791,0.68413,0.68504,1188.8,1691598600000
1666,0.68484,0.68815,0.68426,0.68516,6695.4,1691600400000
1667,0.68496,0.68568,0.68369,0.68402,2041.1,1691602200000
1668,0.68403,0.68605,0.68300,0.68605,1905.7,1691604000000
1669,0.68625,0.68722,0.68537,0.68577,51.6,1691605800000
1670,0.68561,0.68763,0.68539,0.68714,15.3,1691607600000
1671,0.68721,0.68721,0.68250,0.68411,1446.6,1691609400000
1672,0.68380,0.68539,0.68341,0.68519,1192.9,1691611200000
1673,0.68524,0.68670,0.68513,0.68657,46.7,1691613000000
1674,0.68670,0.68672,0.68156,0.68467,1222.9,1691614800000
1675,0.68470,0.68718,0.68338,0.68651,5430.2,1691616600000
1676,0.68628,0.68760,0.68601,0.68671,1312.0,1691618400000
1677,0.68682,0.68999,0.68638,0.68989,959.9,1691620200000
1678,0.69008,0.69167,0.68883,0.69135,983.2,1691622000000
1679,0.69158,0.69181,0.68998,0.69025,150.0,1691623800000
