,o,h,l,c,v,t
0,18.993,19.629,18.959,19.545,2482.48,1688601600000
1,19.570,19.623,19.239,19.287,3209.62,1688603400000
2,19.300,19.498,19.253,19.372,642.18,1688605200000
3,19.386,19.684,19.386,19.670,1624.22,1688607000000
4,19.671,19.740,19.480,19.480,1143.86,1688608800000
5,19.475,19.531,19.439,19.524,107.77,1688610600000
6,19.533,19.612,19.518,19.550,2036.70,1688612400000
7,19.560,19.593,19.460,19.460,672.30,1688614200000
8,19.465,19.536,19.419,19.519,309.56,1688616000000
9,19.540,19.560,19.347,19.375,394.35,1688617800000
10,19.373,19.423,19.348,19.387,507.55,1688619600000
11,19.385,19.514,19.363,19.513,1131.20,1688621400000
12,19.517,19.591,19.449,19.590,14.41,1688623200000
13,19.595,19.711,19.573,19.674,332.75,1688625000000
14,19.665,19.682,19.576,19.608,372.94,1688626800000
15,19.615,19.731,19.579,19.596,271.71,1688628600000
16,19.607,19.641,19.550,19.582,209.46,1688630400000
17,19.587,20.336,19.587,20.231,1857.44,1688632200000
18,20.254,20.304,20.017,20.097,1865.36,1688634000000
19,20.106,20.283,19.953,20.043,2141.34,1688635800000
20,20.060,20.180,20.046,20.180,1056.63,1688637600000
21,20.184,20.345,20.110,20.331,348.80,1688639400000
22,20.325,20.325,20.127,20.170,1943.08,1688641200000
23,20.160,20.221,19.745,19.898,1670.98,1688643000000
24,19.901,19.910,19.540,19.790,720.05,1688644800000
25,19.797,19.798,19.416,19.679,1063.24,1688646600000
26,19.679,19.879,19.669,19.789,961.48,1688648400000
27,19.781,19.813,19.471,19.501,930.03,1688650200000
28,19.500,19.671,18.840,18.846,3425.85,1688652000000
29,18.837,19.302,18.831,19.302,2959.37,1688653800000
30,19.306,19.562,19.151,19.530,1598.82,1688655600000
31,19.519,19.790,19.475,19.699,1844.53,1688657400000
32,19.710,19.871,19.662,19.832,1575.41,1688659200000
33,19.832,19.832,19.520,19.643,909.27,1688661000000
34,19.640,19.770,19.635,19.751,574.25,1688662800000
35,19.769,20.064,19.692,20.064,677.80,1688664600000
36,20.070,20.255,20.004,20.130,2497.55,1688666400000
37,20.150,20.884,19.939,20.764,8069.60,1688668200000
38,20.757,20.884,20.530,20.791,9491.06,1688670000000
39,20.789,20.935,20.681,20.884,3388.78,1688671800000
40,20.885,20.972,20.726,20.753,1758.25,1688673600000
41,20.754,20.831,20.546,20.742,3423.69,1688675400000
42,20.720,20.720,20.505,20.585,1373.79,1688677200000
43,20.587,20.607,20.290,20.476,1512.23,1688679000000
44,20.478,20.478,20.280,20.297,377.21,1688680800000
45,20.304,20.328,20.137,20.297,156.89,1688682600000
46,20.286,20.318,20.035,20.066,2602.51,1688684400000
47,20.065,20.089,19.606,19.606,1040.70,1688686200000
48,19.609,20.284,19.436,19.891,2641.74,1688688000000
49,19.878,20.200,19.835,20.186,839.35,1688689800000
50,20.210,20.221,19.916,19.985,199.43,1688691600000
51,19.985,20.502,19.971,20.425,961.43,1688693400000
52,20.425,20.497,20.245,20.270,386.07,1688695200000
53,20.276,20.391,20.202,20.305,689.76,1688697000000
54,20.304,20.309,20.122,20.132,385.56,1688698800000
55,20.139,20.241,20.038,20.207,175.48,1688700600000
56,20.207,20.290,19.953,19.957,483.22,1688702400000
57,19.948,19.960,19.767,19.768,157.39,1688704200000
58,19.771,20.052,19.737,20.022,361.21,1688706000000
59,20.022,20.196,19.987,20.157,385.22,1688707800000
60,20.158,20.258,20.031,20.085,1243.08,1688709600000
61,20.077,20.120,19.881,19.885,730.29,1688711400000
62,19.899,20.055,19.874,19.938,619.91,1688713200000
63,19.927,19.927,19.310,19.467,1569.85,1688715000000
64,19.449,19.623,19.266,19.423,3846.67,1688716800000
65,19.416,19.519,19.385,19.410,520.10,1688718600000
66,19.408,19.679,19.365,19.640,2041.22,1688720400000
67,19.636,19.904,19.588,19.840,2797.20,1688722200000
68,19.838,19.943,19.685,19.850,2411.46,1688724000000
69,19.857,20.163,19.834,20.097,1463.71,1688725800000
70,20.107,20.216,20.037,20.185,3633.50,1688727600000
71,20.214,20.326,20.148,20.166,961.55,1688729400000
72,20.174,20.635,20.174,20.409,2678.31,1688731200000
73,20.408,20.928,20.408,20.848,6916.85,1688733000000
74,20.873,20.958,20.761,20.883,2386.03,1688734800000
75,20.889,20.902,20.617,20.871,1752.18,1688736600000
76,20.882,21.287,20.750,21.122,2974.32,1688738400000
77,21.115,21.282,21.045,21.194,1734.45,1688740200000
78,21.202,21.675,20.801,20.996,7810.20,1688742000000
79,20.996,21.257,20.963,21.225,1986.50,1688743800000
80,21.233,21.384,21.065,21.316,1003.75,1688745600000
81,21.292,21.513,21.241,21.474,2387.01,1688747400000
82,21.466,21.474,21.136,21.226,1362.81,1688749200000
83,21.218,21.258,21.035,21.258,1873.54,1688751000000
84,21.254,21.403,21.253,21.267,1061.35,1688752800000
85,21.250,21.331,21.065,21.116,2302.88,1688754600000
86,21.126,21.443,21.093,21.364,4069.94,1688756400000
87,21.354,21.437,21.339,21.412,2261.57,1688758200000
88,21.401,21.488,21.311,21.324,1110.51,1688760000000
89,21.321,21.413,21.165,21.269,332.64,1688761800000
90,21.269,21.484,21.260,21.480,228.99,1688763600000
91,21.472,21.480,21.281,21.363,153.17,1688765400000
92,21.360,21.775,21.303,21.433,2566.63,1688767200000
93,21.419,21.577,21.359,21.500,880.03,1688769000000
94,21.496,21.526,21.384,21.393,1284.39,1688770800000
95,21.391,21.522,21.350,21.489,732.23,1688772600000
96,21.500,21.978,21.425,21.852,5377.91,1688774400000
97,21.835,21.835,21.569,21.593,586.33,1688776200000
98,21.580,21.780,21.507,21.771,433.27,1688778000000
99,21.748,21.753,21.562,21.719,534.43,1688779800000
100,21.721,21.751,21.602,21.741,739.70,1688781600000
101,21.722,21.877,21.701,21.859,1483.83,1688783400000
102,21.842,21.964,21.775,21.816,1745.25,1688785200000
103,21.805,21.875,21.684,21.691,497.14,1688787000000
104,21.711,21.779,21.574,21.722,1904.13,1688788800000
105,21.711,21.717,21.606,21.615,439.52,1688790600000
106,21.621,21.621,21.333,21.350,347.61,1688792400000
107,21.351,21.474,21.325,21.425,306.92,1688794200000
108,21.428,21.497,21.336,21.428,1854.73,1688796000000
109,21.424,21.681,21.377,21.604,2759.03,1688797800000
110,21.607,21.693,21.583,21.625,1135.27,1688799600000
111,21.630,22.064,21.630,21.984,5855.32,1688801400000
112,21.984,22.455,21.965,22.354,2825.34,1688803200000
113,22.344,22.428,22.254,22.363,838.45,1688805000000
114,22.375,22.413,22.142,22.149,1364.08,1688806800000
115,22.172,22.304,22.047,22.261,379.87,1688808600000
116,22.259,22.272,22.145,22.151,433.90,1688810400000
117,22.149,22.245,22.129,22.153,477.01,1688812200000
118,22.140,22.168,21.875,21.963,1001.99,1688814000000
119,21.959,21.981,21.798,21.931,778.62,1688815800000
120,21.933,21.940,21.684,21.842,621.87,1688817600000
121,21.842,21.973,21.740,21.762,652.16,1688819400000
122,21.755,21.896,21.755,21.896,190.56,1688821200000
123,21.895,21.895,21.524,21.601,2186.70,1688823000000
124,21.624,21.791,21.551,21.743,2029.64,1688824800000
125,21.740,21.825,21.669,21.720,91.24,1688826600000
126,21.719,21.719,21.500,21.597,997.64,1688828400000
127,21.602,21.634,21.400,21.520,589.72,1688830200000
128,21.520,21.985,21.511,21.843,2570.90,1688832000000
129,21.833,21.965,21.752,21.811,4715.10,1688833800000
130,21.806,21.910,21.767,21.807,446.68,1688835600000
131,21.811,21.971,21.791,21.852,90.77,1688837400000
132,21.857,21.976,21.825,21.848,414.98,1688839200000
133,21.842,21.876,21.693,21.788,376.69,1688841000000
134,21.796,21.796,21.434,21.582,1307.17,1688842800000
135,21.570,21.705,21.499,21.611,432.26,1688844600000
136,21.610,21.664,21.414,21.616,768.47,1688846400000
137,21.620,21.961,21.590,21.810,1768.25,1688848200000
138,21.820,21.851,21.730,21.840,248.45,1688850000000
139,21.857,21.857,21.786,21.825,673.30,1688851800000
140,21.832,21.852,21.770,21.775,165.32,1688853600000
141,21.773,21.951,21.752,21.907,72.30,1688855400000
142,21.908,21.936,21.793,21.813,167.87,1688857200000
143,21.809,21.903,21.795,21.818,43.68,1688859000000
144,21.824,21.874,21.625,21.655,577.47,1688860800000
145,21.655,21.965,21.649,21.956,262.38,1688862600000
146,21.957,22.376,21.957,22.200,3771.91,1688864400000
147,22.191,22.191,21.892,21.903,375.39,1688866200000
148,21.899,21.957,21.692,21.746,499.72,1688868000000
149,21.740,21.830,21.536,21.772,661.85,1688869800000
150,21.766,21.781,21.575,21.669,1048.49,1688871600000
151,21.672,21.791,21.659,21.680,139.12,1688873400000
152,21.675,21.680,21.585,21.624,529.37,1688875200000
153,21.624,21.742,21.586,21.613,171.90,1688877000000
154,21.615,21.712,21.600,21.660,170.41,1688878800000
155,21.670,21.783,21.622,21.780,308.79,1688880600000
156,21.776,21.862,21.736,21.828,201.75,1688882400000
157,21.843,21.851,21.757,21.774,149.23,1688884200000
158,21.771,21.790,21.670,21.686,95.75,1688886000000
159,21.685,21.685,21.418,21.550,1522.50,1688887800000
160,21.561,21.680,21.551,21.650,369.32,1688889600000
161,21.647,21.665,21.576,21.625,194.33,1688891400000
162,21.613,21.662,21.513,21.614,417.21,1688893200000
163,21.626,21.640,21.546,21.635,178.57,1688895000000
164,21.636,21.884,21.636,21.768,1119.67,1688896800000
165,21.782,21.792,21.714,21.751,394.54,1688898600000
166,21.752,21.752,21.647,21.677,459.10,1688900400000
167,21.685,21.685,21.537,21.615,2443.61,1688902200000
168,21.612,21.640,21.565,21.632,584.44,1688904000000
169,21.632,21.775,21.632,21.738,1671.77,1688905800000
170,21.758,21.840,21.694,21.703,411.35,1688907600000
171,21.696,21.711,21.599,21.614,467.56,1688909400000
172,21.612,21.686,21.526,21.603,493.98,1688911200000
173,21.600,21.776,21.426,21.474,679.37,1688913000000
174,21.483,21.537,21.344,21.443,748.13,1688914800000
175,21.431,21.431,21.134,21.246,1462.84,1688916600000
176,21.252,21.304,21.176,21.276,1203.63,1688918400000
177,21.286,21.363,21.265,21.267,352.24,1688920200000
178,21.268,21.389,21.235,21.363,366.89,1688922000000
179,21.366,21.375,21.329,21.341,373.47,1688923800000
180,21.346,21.366,21.285,21.329,254.16,1688925600000
181,21.337,21.342,21.311,21.334,38.35,1688927400000
182,21.334,21.334,21.247,21.256,112.84,1688929200000
183,21.265,21.310,21.214,21.287,243.68,1688931000000
184,21.287,21.291,21.167,21.170,175.35,1688932800000
185,21.166,21.227,21.045,21.216,325.08,1688934600000
186,21.212,21.237,21.147,21.212,342.53,1688936400000
187,21.217,21.257,21.100,21.153,269.25,1688938200000
188,21.157,21.189,21.004,21.189,400.64,1688940000000
189,21.190,21.472,21.185,21.401,503.99,1688941800000
190,21.398,21.430,21.298,21.317,516.59,1688943600000
191,21.322,21.358,21.304,21.330,427.43,1688945400000
192,21.318,21.329,20.785,21.079,1757.40,1688947200000
193,21.100,21.213,20.975,20.983,521.22,1688949000000
194,20.980,21.081,20.842,20.955,549.87,1688950800000
195,20.969,21.090,20.888,20.900,228.49,1688952600000
196,20.911,21.062,20.900,21.045,258.97,1688954400000
197,21.062,21.252,20.977,21.185,980.57,1688956200000
198,21.197,21.360,21.155,21.337,518.56,1688958000000
199,21.325,21.341,21.218,21.225,43.03,1688959800000
200,21.239,21.261,21.130,21.172,579.48,1688961600000
201,21.182,21.189,21.066,21.072,229.11,1688963400000
202,21.068,21.152,20.952,20.976,220.60,1688965200000
203,20.975,21.007,20.870,20.902,522.16,1688967000000
204,20.896,21.014,20.825,20.956,870.72,1688968800000
205,20.947,20.978,20.855,20.906,145.59,1688970600000
206,20.923,21.010,20.912,20.931,182.25,1688972400000
207,20.933,20.967,20.594,20.722,1678.19,1688974200000
208,20.731,20.743,20.485,20.673,730.92,1688976000000
209,20.671,20.738,20.577,20.705,345.21,1688977800000
210,20.710,20.877,20.603,20.827,986.55,1688979600000
211,20.832,20.857,20.510,20.611,898.22,1688981400000
212,20.611,20.720,20.605,20.667,913.13,1688983200000
213,20.679,20.838,20.678,20.747,400.31,1688985000000
214,20.759,20.769,20.687,20.738,52.43,1688986800000
215,20.740,20.803,20.706,20.795,306.62,1688988600000
216,20.798,20.895,20.784,20.864,1611.76,1688990400000
217,20.864,20.875,20.666,20.684,843.99,1688992200000
218,20.687,20.767,20.659,20.691,285.68,1688994000000
219,20.693,20.877,20.693,20.797,433.13,1688995800000
220,20.794,20.931,20.793,20.921,1158.35,1688997600000
221,20.929,21.290,20.922,21.174,2488.14,1688999400000
222,21.171,21.173,20.981,21.022,1398.62,1689001200000
223,21.019,21.169,21.019,21.147,1613.95,1689003000000
224,21.150,21.169,20.921,20.986,1342.29,1689004800000
225,20.997,21.133,20.981,21.074,583.62,1689006600000
226,21.077,21.202,21.023,21.179,599.07,1689008400000
227,21.183,21.183,21.025,21.032,465.51,1689010200000
228,21.021,21.153,20.977,21.153,981.60,1689012000000
229,21.151,21.367,21.151,21.349,834.21,1689013800000
230,21.358,21.489,21.300,21.419,1775.36,1689015600000
231,21.415,21.603,21.381,21.580,842.54,1689017400000
232,21.582,21.726,21.457,21.479,882.27,1689019200000
233,21.484,21.535,21.288,21.366,2182.64,1689021000000
234,21.355,21.573,21.331,21.573,954.69,1689022800000
235,21.574,21.783,21.362,21.404,1366.93,1689024600000
236,21.405,21.483,21.092,21.297,1881.01,1689026400000
237,21.293,21.344,21.176,21.255,1238.49,1689028200000
238,21.264,21.453,21.249,21.381,1063.74,1689030000000
239,21.380,21.380,21.243,21.301,468.46,1689031800000
240,21.296,21.555,21.278,21.406,1082.22,1689033600000
241,21.396,21.422,21.202,21.305,400.75,1689035400000
242,21.318,21.419,21.278,21.419,307.75,1689037200000
243,21.403,21.780,21.403,21.717,1270.60,1689039000000
244,21.708,21.770,21.651,21.665,435.71,1689040800000
245,21.681,21.732,21.548,21.570,665.02,1689042600000
246,21.562,21.640,21.501,21.525,1584.66,1689044400000
247,21.542,21.737,21.542,21.719,314.78,1689046200000
248,21.738,22.058,21.704,21.931,1903.18,1689048000000
249,21.926,21.938,21.792,21.837,120.83,1689049800000
250,21.844,21.983,21.839,21.884,260.94,1689051600000
251,21.857,21.948,21.815,21.935,472.19,1689053400000
252,21.941,22.058,21.905,22.019,305.48,1689055200000
253,22.076,22.256,22.076,22.184,1986.06,1689057000000
254,22.164,22.169,21.999,22.076,302.98,1689058800000
255,22.071,22.129,22.018,22.106,243.49,1689060600000
256,22.105,22.138,22.032,22.107,228.73,1689062400000
257,22.116,22.116,21.924,21.983,694.91,1689064200000
258,21.994,22.042,21.838,21.931,540.17,1689066000000
259,21.931,21.968,21.856,21.941,214.79,1689067800000
260,21.941,22.081,21.936,21.955,580.01,1689069600000
261,21.947,21.981,21.866,21.925,341.01,1689071400000
262,21.921,22.017,21.921,22.004,260.99,1689073200000
263,22.006,22.088,21.983,22.046,1309.19,1689075000000
264,22.045,22.082,21.906,22.050,672.14,1689076800000
265,22.056,22.298,22.048,22.240,1500.79,1689078600000
266,22.243,22.253,22.109,22.147,579.58,1689080400000
267,22.141,22.242,21.947,22.099,476.63,1689082200000
268,22.090,22.175,21.914,22.174,555.50,1689084000000
269,22.181,22.375,22.107,22.194,894.35,1689085800000
270,22.183,22.222,21.954,21.955,855.58,1689087600000
271,21.946,22.169,21.890,22.143,582.55,1689089400000
272,22.153,22.160,21.909,21.935,366.59,1689091200000
273,21.950,22.103,21.943,22.046,120.01,1689093000000
274,22.045,22.097,22.002,22.092,545.11,1689094800000
275,22.088,22.177,22.046,22.089,237.35,1689096600000
276,22.089,22.093,21.976,21.977,5.23,1689098400000
277,21.984,22.048,21.947,21.981,7.50,1689100200000
278,21.976,22.015,21.900,21.995,206.26,1689102000000
279,21.991,22.016,21.955,21.982,96.24,1689103800000
280,21.965,22.039,21.963,21.964,954.28,1689105600000
281,21.967,22.001,21.913,21.981,147.67,1689107400000
282,21.997,22.032,21.755,21.820,899.68,1689109200000
283,21.816,21.913,21.796,21.902,333.69,1689111000000
284,21.922,22.010,21.899,21.983,282.87,1689112800000
285,21.983,22.043,21.969,22.015,176.22,1689114600000
286,22.024,22.089,21.983,22.043,35.17,1689116400000
287,22.037,22.090,21.975,22.076,2.11,1689118200000
288,22.065,22.219,22.013,22.073,189.24,1689120000000
289,22.088,22.264,22.066,22.116,956.02,1689121800000
290,22.144,22.236,22.129,22.170,304.25,1689123600000
291,22.169,22.169,22.067,22.073,188.00,1689125400000
292,22.076,22.084,21.991,22.046,153.34,1689127200000
293,22.046,22.083,21.978,21.978,324.99,1689129000000
294,21.988,21.995,21.913,21.985,203.13,1689130800000
295,21.988,21.988,21.916,21.916,2.04,1689132600000
296,21.925,21.932,21.865,21.930,8.61,1689134400000
297,21.940,21.992,21.902,21.992,39.89,1689136200000
298,21.992,22.055,21.961,22.032,7.69,1689138000000
299,22.041,22.054,22.006,22.006,8.86,1689139800000
300,22.008,22.126,21.976,22.096,1.59,1689141600000
301,22.107,22.150,22.016,22.047,2.73,1689143400000
302,22.051,22.132,22.032,22.085,69.08,1689145200000
303,22.087,22.138,22.013,22.014,238.94,1689147000000
304,22.021,22.029,21.946,21.953,83.21,1689148800000
305,21.950,22.044,21.950,22.038,75.47,1689150600000
306,22.035,22.084,22.008,22.014,121.60,1689152400000
307,22.001,22.041,21.993,21.997,91.93,1689154200000
308,22.000,22.009,21.963,21.992,0.86,1689156000000
309,21.987,22.039,21.986,22.015,0.73,1689157800000
310,22.006,22.118,22.006,22.114,574.96,1689159600000
311,22.125,22.163,22.082,22.121,63.57,1689161400000
312,22.124,22.132,21.995,22.077,257.03,1689163200000
313,22.084,22.842,22.082,22.330,7832.50,1689165000000
314,22.331,22.726,22.331,22.474,4837.66,1689166800000
315,22.490,22.513,22.213,22.424,779.33,1689168600000
316,22.425,22.570,22.414,22.504,3109.30,1689170400000
317,22.520,22.682,22.520,22.550,953.85,1689172200000
318,22.565,22.734,22.521,22.544,1057.41,1689174000000
319,22.597,22.597,22.335,22.401,3280.85,1689175800000
320,22.408,22.448,22.153,22.244,847.16,1689177600000
321,22.239,22.313,22.206,22.245,596.94,1689179400000
322,22.264,22.345,22.165,22.187,305.99,1689181200000
323,22.202,22.238,22.143,22.187,288.73,1689183000000
324,22.186,22.284,22.153,22.269,216.92,1689184800000
325,22.253,22.288,22.219,22.262,76.55,1689186600000
326,22.259,22.259,21.940,22.036,1804.13,1689188400000
327,22.036,22.036,21.795,21.843,920.60,1689190200000
328,21.822,22.076,21.777,22.035,1019.23,1689192000000
329,22.039,22.121,22.013,22.065,1857.67,1689193800000
330,22.062,22.062,21.967,22.024,237.03,1689195600000
331,22.019,22.072,21.969,22.062,36.91,1689197400000
332,22.053,22.053,21.956,21.964,170.42,1689199200000
333,21.965,22.004,21.954,21.983,1.01,1689201000000
334,21.968,21.989,21.934,21.964,200.46,1689202800000
335,21.963,22.030,21.934,21.943,125.97,1689204600000
336,21.942,22.003,21.876,21.911,99.01,1689206400000
337,21.917,21.917,21.744,21.810,312.39,1689208200000
338,21.810,21.862,21.574,21.645,1626.39,1689210000000
339,21.637,21.807,21.560,21.796,451.61,1689211800000
340,21.774,21.784,21.704,21.751,70.92,1689213600000
341,21.751,21.782,21.625,21.662,309.85,1689215400000
342,21.667,21.714,21.598,21.598,278.35,1689217200000
343,21.586,21.648,21.563,21.648,2.08,1689219000000
344,21.660,21.660,21.446,21.500,2205.25,1689220800000
345,21.505,21.583,21.475,21.495,1.21,1689222600000
346,21.499,21.634,21.484,21.616,142.16,1689224400000
347,21.624,21.682,21.604,21.682,6.98,1689226200000
348,21.684,21.849,21.680,21.827,67.34,1689228000000
349,21.813,21.891,21.782,21.857,212.40,1689229800000
350,21.875,21.949,21.860,21.901,241.81,1689231600000
351,21.904,21.904,21.756,21.756,24.41,1689233400000
352,21.764,21.885,21.728,21.871,25.26,1689235200000
353,21.871,21.879,21.819,21.869,428.46,1689237000000
354,21.862,21.974,21.852,21.915,368.47,1689238800000
355,21.920,22.115,21.920,22.056,61.93,1689240600000
356,22.055,22.139,22.009,22.111,830.77,1689242400000
357,22.095,22.278,22.095,22.196,303.50,1689244200000
358,22.210,22.355,22.210,22.342,683.29,1689246000000
359,22.334,22.484,22.265,22.397,851.91,1689247800000
360,22.433,22.581,22.314,22.331,375.69,1689249600000
361,22.330,22.481,22.209,22.313,773.96,1689251400000
362,22.328,22.363,22.244,22.278,686.61,1689253200000
363,22.285,22.499,22.259,22.387,2469.98,1689255000000
364,22.400,22.406,22.125,22.289,749.60,1689256800000
365,22.288,22.384,22.258,22.326,384.02,1689258600000
366,22.327,22.812,22.276,22.710,2895.58,1689260400000
367,22.743,25.522,22.724,24.044,26420.17,1689262200000
368,24.098,24.835,24.098,24.519,4045.80,1689264000000
369,24.524,25.410,24.274,25.303,4014.12,1689265800000
370,25.333,25.871,25.129,25.386,5326.40,1689267600000
371,25.385,26.362,25.383,26.043,8485.59,1689269400000
372,25.995,26.796,25.717,25.923,5787.98,1689271200000
373,25.901,25.901,25.286,25.483,14792.42,1689273000000
374,25.499,26.057,25.418,25.904,2806.21,1689274800000
375,25.905,26.229,25.811,26.208,2329.37,1689276600000
376,26.205,26.205,25.854,25.930,1722.30,1689278400000
377,25.929,25.933,25.514,25.559,4002.88,1689280200000
378,25.603,25.731,25.377,25.477,2772.99,1689282000000
379,25.481,25.755,25.473,25.647,645.15,1689283800000
380,25.662,25.860,25.623,25.722,806.13,1689285600000
381,25.743,25.805,25.599,25.785,1886.46,1689287400000
382,25.795,25.805,25.584,25.596,1110.74,1689289200000
383,25.594,26.120,25.555,26.030,1643.11,1689291000000
384,26.036,26.119,25.615,25.838,2735.89,1689292800000
385,25.807,32.551,25.807,29.410,47075.26,1689294600000
386,29.370,29.657,28.308,29.653,9299.81,1689296400000
387,29.662,30.048,29.061,29.410,6375.70,1689298200000
388,29.401,29.401,28.854,28.968,4784.61,1689300000000
389,28.960,29.217,28.935,28.957,3115.50,1689301800000
390,28.946,28.980,28.452,28.614,8556.93,1689303600000
391,28.620,28.657,28.215,28.563,9318.56,1689305400000
392,28.587,28.755,28.319,28.662,5876.03,1689307200000
393,28.665,28.839,28.500,28.810,3152.25,1689309000000
394,28.810,28.850,28.280,28.463,1965.55,1689310800000
395,28.461,28.869,28.411,28.713,2416.92,1689312600000
396,28.716,28.853,28.619,28.707,1341.49,1689314400000
397,28.685,28.685,28.335,28.396,2456.83,1689316200000
398,28.435,28.651,28.342,28.526,1026.31,1689318000000
399,28.533,28.884,28.379,28.755,3481.79,1689319800000
400,28.761,29.375,28.578,29.133,2502.10,1689321600000
401,29.129,29.722,29.008,29.129,5160.97,1689323400000
402,29.102,29.145,28.423,28.488,2608.37,1689325200000
403,28.464,28.464,27.663,28.196,3700.75,1689327000000
404,28.190,28.224,27.932,28.072,2371.78,1689328800000
405,28.080,28.157,27.813,28.089,1653.51,1689330600000
406,28.075,28.319,27.931,28.211,1626.99,1689332400000
407,28.207,28.270,28.062,28.069,351.13,1689334200000
408,28.069,28.105,27.692,27.721,1485.54,1689336000000
409,27.740,27.836,27.434,27.534,1484.15,1689337800000
410,27.528,27.737,27.400,27.659,1433.86,1689339600000
411,27.676,27.959,27.492,27.936,1187.73,1689341400000
412,27.847,28.053,27.658,27.884,1089.10,1689343200000
413,27.884,28.106,27.791,28.063,949.88,1689345000000
414,28.020,28.310,27.969,28.289,963.23,1689346800000
415,28.274,28.336,28.075,28.190,2773.07,1689348600000
416,28.204,28.254,27.156,27.387,2019.84,1689350400000
417,27.356,27.637,27.000,27.449,1962.86,1689352200000
418,27.430,27.534,26.712,27.307,5292.50,1689354000000
419,27.313,27.496,27.033,27.154,742.63,1689355800000
420,27.176,27.523,26.448,26.583,4928.81,1689357600000
421,26.546,26.546,25.485,26.003,6889.46,1689359400000
422,25.995,26.556,25.588,26.382,2916.48,1689361200000
423,26.389,26.389,25.883,26.055,2978.32,1689363000000
424,26.064,26.134,25.404,25.541,1438.54,1689364800000
425,25.546,26.368,25.243,26.145,1844.93,1689366600000
426,26.154,26.409,26.154,26.403,1634.95,1689368400000
427,26.385,26.557,26.195,26.499,2912.79,1689370200000
428,26.509,26.603,26.266,26.306,1360.49,1689372000000
429,26.306,26.529,26.287,26.334,268.83,1689373800000
430,26.336,26.886,26.336,26.866,1333.93,1689375600000
431,26.828,26.896,26.583,26.673,334.78,1689377400000
432,26.679,27.442,26.463,27.403,2310.40,1689379200000
433,27.344,27.736,27.121,27.666,1747.15,1689381000000
434,27.633,27.937,27.388,27.798,1919.44,1689382800000
435,27.806,27.852,27.362,27.473,1126.44,1689384600000
436,27.476,27.616,27.353,27.425,278.24,1689386400000
437,27.415,27.676,27.415,27.481,1116.62,1689388200000
438,27.494,27.639,27.063,27.122,2193.57,1689390000000
439,27.145,27.290,27.105,27.149,527.92,1689391800000
440,27.156,27.417,27.137,27.395,496.76,1689393600000
441,27.393,27.783,27.304,27.699,630.08,1689395400000
442,27.635,28.073,27.590,27.707,2788.65,1689397200000
443,27.690,28.027,27.572,28.009,2121.24,1689399000000
444,28.007,28.466,27.926,28.150,2274.09,1689400800000
445,28.121,28.229,27.964,28.174,873.38,1689402600000
446,28.180,28.827,28.163,28.435,1581.47,1689404400000
447,28.434,28.919,28.379,28.714,905.06,1689406200000
448,28.715,28.936,28.545,28.908,1118.01,1689408000000
449,28.893,29.075,28.533,28.587,792.08,1689409800000
450,28.592,28.766,28.462,28.736,745.02,1689411600000
451,28.735,28.826,28.615,28.751,445.36,1689413400000
452,28.776,29.076,28.732,28.929,442.18,1689415200000
453,28.912,29.076,28.755,28.908,699.26,1689417000000
454,28.896,29.066,28.592,28.730,386.96,1689418800000
455,28.725,29.029,28.725,28.928,1045.83,1689420600000
456,28.932,29.027,28.694,28.933,739.95,1689422400000
457,28.872,28.972,28.619,28.623,1565.84,1689424200000
458,28.669,28.708,28.282,28.400,1899.72,1689426000000
459,28.395,28.496,28.159,28.449,550.56,1689427800000
460,28.467,28.514,28.063,28.110,477.29,1689429600000
461,28.143,28.221,27.770,27.776,1731.19,1689431400000
462,27.776,27.976,27.411,27.776,5108.45,1689433200000
463,27.777,27.799,27.563,27.568,1252.15,1689435000000
464,27.568,27.586,27.105,27.166,2737.88,1689436800000
465,27.186,27.327,27.048,27.316,589.09,1689438600000
466,27.294,27.776,27.294,27.708,1082.54,1689440400000
467,27.692,27.773,27.437,27.573,313.27,1689442200000
468,27.571,27.663,27.459,27.628,410.12,1689444000000
469,27.613,28.152,27.612,27.907,992.04,1689445800000
470,27.894,28.086,27.866,28.003,501.37,1689447600000
471,27.958,28.099,27.866,27.904,150.22,1689449400000
472,27.867,27.867,27.543,27.569,1302.56,1689451200000
473,27.558,27.739,27.396,27.685,641.85,1689453000000
474,27.684,27.684,27.399,27.594,321.94,1689454800000
475,27.594,27.633,27.396,27.527,219.75,1689456600000
476,27.530,27.541,27.382,27.523,106.59,1689458400000
477,27.483,27.529,27.230,27.347,312.44,1689460200000
478,27.353,27.513,27.353,27.473,81.65,1689462000000
479,27.463,27.463,27.249,27.443,229.25,1689463800000
480,27.459,27.941,27.335,27.378,1042.89,1689465600000
481,27.376,27.573,27.306,27.553,343.87,1689467400000
482,27.568,27.774,27.552,27.694,4930.73,1689469200000
483,27.711,27.713,27.390,27.401,788.19,1689471000000
484,27.404,27.493,26.471,26.895,5099.98,1689472800000
485,26.896,27.833,26.857,27.526,3006.89,1689474600000
486,27.604,27.613,27.317,27.330,768.77,1689476400000
487,27.345,27.423,26.929,27.023,1844.02,1689478200000
488,27.035,27.353,27.035,27.202,2295.60,1689480000000
489,27.203,27.378,27.119,27.360,397.24,1689481800000
490,27.384,27.473,27.325,27.344,1619.25,1689483600000
491,27.343,27.737,27.289,27.687,1472.44,1689485400000
492,27.718,27.762,27.589,27.696,27.51,1689487200000
493,27.695,27.923,27.669,27.742,1027.94,1689489000000
494,27.757,27.788,27.671,27.712,314.45,1689490800000
495,27.692,27.725,27.632,27.691,746.91,1689492600000
496,27.695,27.841,27.662,27.812,155.85,1689494400000
497,27.800,27.887,27.751,27.832,55.44,1689496200000
498,27.853,28.176,27.853,28.005,833.25,1689498000000
499,28.005,28.047,27.903,28.013,167.77,1689499800000
500,28.006,28.292,27.936,27.940,2622.71,1689501600000
501,27.945,27.961,27.692,27.785,175.63,1689503400000
502,27.796,28.037,27.740,27.910,235.38,1689505200000
503,27.909,28.211,27.895,28.065,491.75,1689507000000
504,28.076,28.209,28.049,28.118,1082.00,1689508800000
505,28.092,28.149,27.933,27.995,563.51,1689510600000
506,28.005,28.115,27.963,28.051,292.44,1689512400000
507,28.045,28.298,28.034,28.252,1170.95,1689514200000
508,28.256,28.641,28.246,28.495,6976.45,1689516000000
509,28.494,28.576,28.234,28.349,9601.16,1689517800000
510,28.351,28.386,28.127,28.282,1094.40,1689519600000
511,28.275,28.275,28.024,28.103,125.13,1689521400000
512,28.112,28.112,27.807,28.016,338.27,1689523200000
513,28.004,28.026,27.845,27.924,33.34,1689525000000
514,27.914,28.120,27.888,28.078,177.63,1689526800000
515,28.096,28.101,27.944,28.009,40.23,1689528600000
516,28.009,28.043,27.751,27.826,560.20,1689530400000
517,27.830,27.893,27.612,27.670,741.12,1689532200000
518,27.664,27.867,27.652,27.684,251.04,1689534000000
519,27.679,27.719,27.328,27.383,1131.79,1689535800000
520,27.373,27.624,27.334,27.395,1458.22,1689537600000
521,27.371,27.502,27.350,27.386,202.98,1689539400000
522,27.396,27.625,27.383,27.599,145.49,1689541200000
523,27.590,27.590,27.446,27.577,1039.71,1689543000000
524,27.559,27.696,27.479,27.624,415.24,1689544800000
525,27.613,27.759,27.546,27.599,346.18,1689546600000
526,27.605,27.613,27.284,27.331,565.32,1689548400000
527,27.324,27.422,27.097,27.406,495.03,1689550200000
528,27.417,27.869,27.232,27.869,1207.50,1689552000000
529,27.896,28.031,27.673,27.703,1879.66,1689553800000
530,27.721,28.100,27.658,27.921,912.50,1689555600000
531,27.905,28.086,27.890,28.069,351.12,1689557400000
532,28.081,28.426,27.933,28.081,2135.45,1689559200000
533,28.079,28.259,27.998,28.187,761.10,1689561000000
534,28.192,28.254,28.022,28.030,595.80,1689562800000
535,28.019,28.168,28.009,28.016,37.27,1689564600000
536,28.024,28.057,27.923,27.929,25.97,1689566400000
537,27.925,27.925,27.762,27.898,344.20,1689568200000
538,27.910,28.465,27.874,28.144,1077.59,1689570000000
539,28.135,28.135,27.822,27.853,557.87,1689571800000
540,27.826,27.998,27.782,27.850,239.84,1689573600000
541,27.841,27.881,27.583,27.712,715.06,1689575400000
542,27.705,27.846,27.661,27.825,194.59,1689577200000
543,27.816,27.816,27.404,27.622,1724.79,1689579000000
544,27.620,27.620,27.457,27.608,658.52,1689580800000
545,27.616,27.632,27.407,27.437,975.52,1689582600000
546,27.432,27.502,27.137,27.352,1518.46,1689584400000
547,27.361,27.541,27.166,27.203,894.65,1689586200000
548,27.216,27.372,26.542,26.975,4022.70,1689588000000
549,26.980,27.145,26.763,27.112,2539.33,1689589800000
550,27.108,27.437,27.077,27.261,1725.14,1689591600000
551,27.267,27.289,27.051,27.128,819.67,1689593400000
552,27.125,27.161,26.500,26.604,1787.00,1689595200000
553,26.565,27.093,26.455,27.087,2047.02,1689597000000
554,27.091,27.227,26.828,27.154,798.09,1689598800000
555,27.148,27.363,26.937,27.256,1029.07,1689600600000
556,27.273,27.372,27.050,27.066,1048.92,1689602400000
557,27.072,27.287,27.072,27.251,585.79,1689604200000
558,27.257,27.283,26.960,26.982,215.73,1689606000000
559,26.957,27.042,26.846,27.000,606.87,1689607800000
560,27.026,27.246,26.924,27.027,471.29,1689609600000
561,27.029,27.036,26.623,26.786,1026.54,1689611400000
562,26.764,26.884,25.868,26.426,3718.61,1689613200000
563,26.421,26.530,25.966,26.057,3162.07,1689615000000
564,26.057,26.235,25.952,26.104,1902.82,1689616800000
565,26.127,26.270,25.607,26.183,1457.57,1689618600000
566,26.175,26.397,26.113,26.211,990.42,1689620400000
567,26.189,26.219,26.118,26.203,223.65,1689622200000
568,26.183,26.350,26.161,26.257,1566.00,1689624000000
569,26.266,26.385,26.173,26.362,798.00,1689625800000
570,26.358,26.567,26.323,26.541,403.15,1689627600000
571,26.538,26.887,26.393,26.831,1578.98,1689629400000
572,26.827,26.872,26.565,26.646,1068.34,1689631200000
573,26.654,26.830,26.619,26.632,836.60,1689633000000
574,26.632,26.983,26.586,26.902,791.90,1689634800000
575,26.912,26.912,26.783,26.798,113.07,1689636600000
576,26.801,27.076,26.703,27.068,149.11,1689638400000
577,27.034,27.074,26.822,26.885,1070.09,1689640200000
578,26.915,26.938,26.802,26.892,506.09,1689642000000
579,26.891,26.942,26.804,26.904,195.45,1689643800000
580,26.856,26.868,26.643,26.657,147.92,1689645600000
581,26.657,26.676,26.478,26.495,129.20,1689647400000
582,26.485,26.609,26.433,26.453,151.54,1689649200000
583,26.484,26.634,26.474,26.577,286.07,1689651000000
584,26.573,26.609,26.307,26.478,648.68,1689652800000
585,26.476,26.545,26.461,26.517,45.71,1689654600000
586,26.534,26.579,26.464,26.484,344.36,1689656400000
587,26.503,26.533,26.374,26.419,81.33,1689658200000
588,26.424,26.521,26.383,26.472,263.77,1689660000000
589,26.467,26.467,25.819,26.032,2448.20,1689661800000
590,26.033,26.145,25.898,25.927,1661.48,1689663600000
591,25.927,25.942,25.683,25.719,521.20,1689665400000
592,25.729,26.016,25.555,25.940,2336.94,1689667200000
593,25.966,26.111,25.481,25.631,3448.15,1689669000000
594,25.635,25.730,25.569,25.658,2010.30,1689670800000
595,25.664,25.669,25.330,25.454,447.07,1689672600000
596,25.473,25.541,25.274,25.359,3172.06,1689674400000
597,25.358,25.685,25.357,25.523,6297.08,1689676200000
598,25.518,25.674,25.466,25.544,898.10,1689678000000
599,25.514,25.555,24.891,25.018,2139.21,1689679800000
600,25.022,25.125,24.777,24.919,1025.96,1689681600000
601,24.917,25.244,24.775,25.174,1759.87,1689683400000
602,25.170,25.328,25.048,25.283,915.22,1689685200000
603,25.280,25.433,25.124,25.396,621.89,1689687000000
604,25.394,25.685,25.315,25.508,679.55,1689688800000
605,25.519,25.519,25.243,25.494,259.72,1689690600000
606,25.495,25.495,25.317,25.335,131.09,1689692400000
607,25.349,25.559,25.284,25.523,21.90,1689694200000
608,25.530,25.654,25.394,25.433,815.64,1689696000000
609,25.451,25.494,24.887,25.333,1042.91,1689697800000
610,25.350,25.423,25.093,25.103,370.88,1689699600000
611,25.110,25.465,25.110,25.429,1456.32,1689701400000
612,25.425,25.672,25.349,25.646,250.31,1689703200000
613,25.645,25.676,25.552,25.612,224.61,1689705000000
614,25.604,25.769,25.416,25.423,1306.70,1689706800000
615,25.403,25.472,25.262,25.293,709.12,1689708600000
616,25.270,25.438,25.270,25.310,129.77,1689710400000
617,25.299,25.411,25.202,25.254,277.82,1689712200000
618,25.244,25.390,25.065,25.346,1454.58,1689714000000
619,25.341,25.359,25.196,25.261,2078.89,1689715800000
620,25.276,25.366,25.237,25.344,109.90,1689717600000
621,25.340,25.524,25.290,25.514,769.59,1689719400000
622,25.509,25.536,25.389,25.528,293.27,1689721200000
623,25.510,25.575,25.431,25.563,553.79,1689723000000
624,25.563,25.587,25.361,25.556,749.60,1689724800000
625,25.571,26.256,25.571,26.160,1724.33,1689726600000
626,26.153,26.356,25.975,26.202,1189.30,1689728400000
627,26.203,26.370,26.127,26.271,1177.97,1689730200000
628,26.253,26.405,26.141,26.160,351.52,1689732000000
629,26.171,26.304,26.128,26.223,178.27,1689733800000
630,26.226,26.530,26.226,26.487,565.50,1689735600000
631,26.479,26.579,26.316,26.390,363.74,1689737400000
632,26.410,26.505,26.248,26.395,743.90,1689739200000
633,26.409,26.507,26.256,26.273,396.83,1689741000000
634,26.284,26.474,26.228,26.430,955.87,1689742800000
635,26.417,26.515,26.339,26.488,1353.68,1689744600000
636,26.484,26.513,26.225,26.251,301.79,1689746400000
637,26.267,26.341,26.173,26.205,31.35,1689748200000
638,26.205,26.375,26.175,26.373,108.58,1689750000000
639,26.381,26.393,26.083,26.215,20.64,1689751800000
640,26.205,26.205,26.055,26.167,199.74,1689753600000
641,26.183,26.205,25.722,25.850,377.10,1689755400000
642,25.840,26.171,25.784,26.163,257.38,1689757200000
643,26.162,26.355,26.113,26.341,390.71,1689759000000
644,26.352,26.474,26.255,26.321,298.05,1689760800000
645,26.332,26.397,26.276,26.326,240.99,1689762600000
646,26.310,26.396,26.205,26.239,1298.30,1689764400000
647,26.254,26.500,26.224,26.471,191.67,1689766200000
648,26.485,26.493,26.204,26.209,599.61,1689768000000
649,26.216,26.358,26.130,26.265,475.43,1689769800000
650,26.264,26.297,26.042,26.269,472.88,1689771600000
651,26.285,26.710,26.275,26.391,1220.17,1689773400000
652,26.385,26.403,26.126,26.188,449.05,1689775200000
653,26.212,26.222,25.889,25.994,602.71,1689777000000
654,25.980,26.163,25.856,26.149,253.81,1689778800000
655,26.142,26.370,26.087,26.370,578.58,1689780600000
656,26.367,26.499,26.262,26.360,848.92,1689782400000
657,26.353,26.424,26.194,26.270,41.59,1689784200000
658,26.261,26.538,26.204,26.421,1061.74,1689786000000
659,26.432,26.751,26.386,26.669,881.81,1689787800000
660,26.703,26.841,26.557,26.756,361.45,1689789600000
661,26.742,26.866,26.576,26.846,2390.16,1689791400000
662,26.863,26.894,26.743,26.793,636.05,1689793200000
663,26.776,26.895,26.702,26.757,598.28,1689795000000
664,26.771,26.807,26.595,26.675,477.73,1689796800000
665,26.662,26.972,26.648,26.700,1562.29,1689798600000
666,26.691,26.702,26.292,26.533,1418.77,1689800400000
667,26.543,26.736,26.514,26.696,652.68,1689802200000
668,26.686,26.750,26.394,26.523,1127.79,1689804000000
669,26.523,26.532,26.293,26.397,1079.62,1689805800000
670,26.399,26.464,26.272,26.441,467.64,1689807600000
671,26.457,26.553,26.311,26.311,442.32,1689809400000
672,26.315,26.411,26.238,26.243,903.67,1689811200000
673,26.235,26.475,26.158,26.434,273.10,1689813000000
674,26.430,26.693,26.426,26.692,602.60,1689814800000
675,26.700,26.746,26.542,26.557,708.68,1689816600000
676,26.582,26.771,26.582,26.752,518.31,1689818400000
677,26.735,26.802,26.608,26.681,526.88,1689820200000
678,26.676,26.731,26.531,26.531,147.19,1689822000000
679,26.528,26.545,26.448,26.488,339.40,1689823800000
680,26.502,26.609,26.391,26.393,316.35,1689825600000
681,26.402,26.506,26.379,26.379,147.17,1689827400000
682,26.378,26.601,26.336,26.589,1632.08,1689829200000
683,26.594,26.828,26.594,26.828,281.79,1689831000000
684,26.837,26.909,26.702,26.907,220.80,1689832800000
685,26.874,26.896,26.738,26.807,301.61,1689834600000
686,26.823,26.879,26.736,26.868,616.93,1689836400000
687,26.881,26.945,26.750,26.854,424.88,1689838200000
688,26.851,27.184,26.813,27.174,2635.35,1689840000000
689,27.151,27.323,27.072,27.203,1067.85,1689841800000
690,27.203,27.238,27.058,27.105,530.87,1689843600000
691,27.124,27.297,27.104,27.217,1608.60,1689845400000
692,27.249,27.367,27.220,27.329,315.15,1689847200000
693,27.331,27.354,27.093,27.137,634.09,1689849000000
694,27.153,27.317,27.066,27.305,554.71,1689850800000
695,27.302,27.332,27.156,27.157,593.00,1689852600000
696,27.155,27.235,27.054,27.135,311.58,1689854400000
697,27.104,27.109,26.887,26.975,524.44,1689856200000
698,26.977,27.007,26.882,26.944,220.99,1689858000000
699,26.957,27.151,26.924,27.013,1024.91,1689859800000
700,27.036,27.071,26.704,26.730,991.47,1689861600000
701,26.716,26.726,25.932,26.085,3071.29,1689863400000
702,26.066,26.219,26.034,26.192,520.84,1689865200000
703,26.181,26.184,25.586,25.679,1931.10,1689867000000
704,25.691,25.748,25.200,25.353,1232.02,1689868800000
705,25.373,25.518,25.341,25.506,664.99,1689870600000
706,25.514,25.575,25.397,25.448,252.75,1689872400000
707,25.453,25.660,25.446,25.573,849.51,1689874200000
708,25.575,25.575,25.308,25.324,403.59,1689876000000
709,25.326,25.543,25.263,25.391,709.99,1689877800000
710,25.391,25.514,25.292,25.464,299.46,1689879600000
711,25.457,25.461,25.287,25.398,224.46,1689881400000
712,25.394,25.398,25.041,25.311,866.57,1689883200000
713,25.311,25.311,25.128,25.232,550.18,1689885000000
714,25.211,25.506,25.178,25.506,543.56,1689886800000
715,25.501,25.647,25.428,25.647,1033.95,1689888600000
716,25.642,25.642,25.520,25.521,1082.14,1689890400000
717,25.514,25.574,25.411,25.502,366.81,1689892200000
718,25.496,25.558,25.443,25.492,445.60,1689894000000
719,25.488,25.488,25.324,25.386,83.39,1689895800000
720,25.384,25.417,25.193,25.218,560.61,1689897600000
721,25.214,25.334,25.097,25.218,575.04,1689899400000
722,25.208,25.447,25.128,25.418,115.08,1689901200000
723,25.412,25.424,25.251,25.401,393.49,1689903000000
724,25.405,25.567,25.292,25.561,252.21,1689904800000
725,25.570,25.588,25.456,25.550,402.43,1689906600000
726,25.549,25.616,25.523,25.535,26.31,1689908400000
727,25.543,25.560,25.452,25.474,74.70,1689910200000
728,25.490,25.490,25.284,25.308,242.24,1689912000000
729,25.310,25.427,25.304,25.346,14.10,1689913800000
730,25.346,25.449,25.291,25.316,75.55,1689915600000
731,25.343,25.361,25.175,25.244,210.79,1689917400000
732,25.257,25.391,25.180,25.334,1042.18,1689919200000
733,25.327,25.364,25.246,25.337,117.23,1689921000000
734,25.331,25.385,25.230,25.232,51.90,1689922800000
735,25.217,25.238,25.134,25.175,156.25,1689924600000
736,25.176,25.299,25.176,25.267,112.77,1689926400000
737,25.269,25.283,25.194,25.244,85.96,1689928200000
738,25.263,25.468,25.193,25.419,115.88,1689930000000
739,25.414,25.428,25.164,25.168,83.90,1689931800000
740,25.167,25.331,25.164,25.220,377.61,1689933600000
741,25.228,25.299,25.190,25.206,167.86,1689935400000
742,25.211,25.277,25.067,25.159,329.48,1689937200000
743,25.162,25.289,25.146,25.282,196.33,1689939000000
744,25.286,25.506,25.286,25.476,262.78,1689940800000
745,25.487,25.586,25.430,25.517,3313.84,1689942600000
746,25.495,25.575,25.419,25.505,838.90,1689944400000
747,25.511,25.601,25.334,25.372,949.50,1689946200000
748,25.370,25.411,25.252,25.257,351.86,1689948000000
749,25.263,25.444,25.257,25.444,292.07,1689949800000
750,25.444,25.520,25.332,25.354,185.88,1689951600000
751,25.352,25.353,25.273,25.300,72.10,1689953400000
752,25.309,25.341,25.176,25.283,215.73,1689955200000
753,25.282,25.298,25.222,25.260,90.55,1689957000000
754,25.268,25.512,25.240,25.500,209.73,1689958800000
755,25.514,25.516,25.424,25.506,281.83,1689960600000
756,25.521,25.935,25.521,25.861,725.09,1689962400000
757,25.884,25.983,25.803,25.887,564.17,1689964200000
758,25.904,25.919,25.461,25.696,541.50,1689966000000
759,25.688,25.855,25.639,25.790,210.16,1689967800000
760,25.793,25.793,25.639,25.744,258.39,1689969600000
761,25.754,25.850,25.712,25.745,376.36,1689971400000
762,25.759,25.792,25.655,25.665,49.60,1689973200000
763,25.654,25.708,25.576,25.637,141.81,1689975000000
764,25.653,25.827,25.622,25.812,130.55,1689976800000
765,25.814,25.893,25.759,25.760,267.70,1689978600000
766,25.758,25.791,25.645,25.755,116.76,1689980400000
767,25.747,25.747,25.467,25.515,628.79,1689982200000
768,25.515,25.670,25.453,25.613,233.15,1689984000000
769,25.642,25.874,25.622,25.809,184.70,1689985800000
770,25.813,25.834,25.704,25.755,206.10,1689987600000
771,25.767,25.783,25.640,25.640,309.22,1689989400000
772,25.641,25.755,25.632,25.703,115.79,1689991200000
773,25.684,25.858,25.674,25.804,144.07,1689993000000
774,25.825,25.968,25.748,25.905,301.29,1689994800000
775,25.914,25.938,25.832,25.838,331.24,1689996600000
776,25.844,25.859,25.772,25.775,138.08,1689998400000
777,25.769,25.808,25.633,25.674,207.60,1690000200000
778,25.664,25.715,25.605,25.665,595.05,1690002000000
779,25.654,25.724,25.654,25.677,176.59,1690003800000
780,25.689,25.718,25.636,25.641,93.27,1690005600000
781,25.649,25.709,25.626,25.677,67.19,1690007400000
782,25.676,25.703,25.615,25.700,10.08,1690009200000
783,25.704,25.832,25.704,25.775,187.29,1690011000000
784,25.768,25.845,25.735,25.815,25.33,1690012800000
785,25.821,25.877,25.791,25.838,8.14,1690014600000
786,25.836,25.880,25.760,25.845,259.07,1690016400000
787,25.852,25.865,25.672,25.685,518.95,1690018200000
788,25.691,25.691,25.403,25.531,871.60,1690020000000
789,25.522,25.679,25.522,25.627,177.31,1690021800000
790,25.620,25.668,25.559,25.623,193.10,1690023600000
791,25.625,25.664,25.574,25.594,37.47,1690025400000
792,25.595,25.644,25.551,25.644,403.58,1690027200000
793,25.643,25.647,25.527,25.544,1.72,1690029000000
794,25.536,25.633,25.519,25.625,1.81,1690030800000
795,25.635,25.643,25.594,25.599,52.28,1690032600000
796,25.603,25.756,25.594,25.644,33.48,1690034400000
797,25.639,25.716,25.624,25.678,107.29,1690036200000
798,25.681,25.681,25.550,25.638,41.25,1690038000000
799,25.633,25.730,25.587,25.686,135.92,1690039800000
800,25.699,25.723,25.618,25.664,1.57,1690041600000
801,25.655,25.738,25.648,25.680,32.24,1690043400000
802,25.675,25.693,25.643,25.655,1.13,1690045200000
803,25.649,25.649,25.523,25.530,143.33,1690047000000
804,25.517,25.521,25.242,25.354,1635.26,1690048800000
805,25.372,25.401,25.257,25.341,268.73,1690050600000
806,25.343,25.481,25.325,25.372,809.10,1690052400000
807,25.367,25.376,25.232,25.280,79.39,1690054200000
808,25.284,25.360,25.227,25.266,300.00,1690056000000
809,25.265,25.322,25.172,25.305,467.71,1690057800000
810,25.283,25.358,25.274,25.358,123.93,1690059600000
811,25.353,25.358,25.273,25.310,32.56,1690061400000
812,25.312,25.324,25.202,25.212,80.97,1690063200000
813,25.216,25.242,25.060,25.182,618.16,1690065000000
814,25.183,25.184,24.019,24.283,5727.10,1690066800000
815,24.284,24.552,24.244,24.514,1099.90,1690068600000
816,24.522,24.537,24.324,24.431,869.94,1690070400000
817,24.416,24.425,24.174,24.324,271.00,1690072200000
818,24.322,24.553,24.315,24.518,1426.14,1690074000000
819,24.513,24.587,24.480,24.556,806.54,1690075800000
820,24.562,24.691,24.513,24.691,566.80,1690077600000
821,24.688,24.693,24.604,24.674,59.65,1690079400000
822,24.666,24.716,24.615,24.714,43.52,1690081200000
823,24.711,24.782,24.704,24.708,398.68,1690083000000
824,24.712,24.734,24.635,24.635,61.87,1690084800000
825,24.643,24.767,24.641,24.744,24.04,1690086600000
826,24.746,24.884,24.734,24.847,149.39,1690088400000
827,24.850,24.857,24.773,24.807,522.72,1690090200000
828,24.825,24.863,24.703,24.711,2.63,1690092000000
829,24.710,24.780,24.682,24.734,312.81,1690093800000
830,24.743,24.765,24.657,24.671,244.36,1690095600000
831,24.670,24.689,24.632,24.689,200.80,1690097400000
832,24.694,24.740,24.650,24.721,247.71,1690099200000
833,24.719,24.842,24.714,24.834,94.86,1690101000000
834,24.833,24.850,24.740,24.754,68.22,1690102800000
835,24.744,24.767,24.683,24.690,2.06,1690104600000
836,24.713,24.764,24.695,24.749,108.79,1690106400000
837,24.744,24.744,24.654,24.654,38.07,1690108200000
838,24.649,24.705,24.638,24.703,18.12,1690110000000
839,24.707,24.729,24.639,24.680,123.47,1690111800000
840,24.655,24.706,24.591,24.614,1574.13,1690113600000
841,24.607,24.630,24.523,24.604,308.93,1690115400000
842,24.614,24.620,24.547,24.568,643.84,1690117200000
843,24.565,24.623,24.530,24.612,34.15,1690119000000
844,24.610,24.653,24.590,24.619,145.19,1690120800000
845,24.623,24.688,24.608,24.620,66.23,1690122600000
846,24.615,24.674,24.615,24.633,87.41,1690124400000
847,24.625,24.702,24.625,24.675,8.74,1690126200000
848,24.694,24.815,24.686,24.749,22.73,1690128000000
849,24.744,25.051,24.734,24.981,607.14,1690129800000
850,24.973,25.024,24.908,24.933,1008.54,1690131600000
851,24.937,25.169,24.880,25.095,488.38,1690133400000
852,25.101,25.163,25.029,25.062,318.82,1690135200000
853,25.064,25.256,25.050,25.204,533.86,1690137000000
854,25.199,25.244,25.023,25.047,142.47,1690138800000
855,25.053,25.074,24.784,24.896,294.05,1690140600000
856,24.904,24.959,24.874,24.912,198.68,1690142400000
857,24.913,24.995,24.889,24.978,370.00,1690144200000
858,24.974,24.974,24.760,24.805,366.81,1690146000000
859,24.793,24.801,24.543,24.571,389.99,1690147800000
860,24.574,24.639,24.573,24.625,1.67,1690149600000
861,24.625,24.723,24.625,24.680,691.67,1690151400000
862,24.678,24.822,24.674,24.797,25.85,1690153200000
863,24.795,24.811,24.738,24.757,3.14,1690155000000
864,24.767,24.805,24.683,24.774,9.13,1690156800000
865,24.750,24.833,24.678,24.687,477.75,1690158600000
866,24.672,24.672,24.556,24.591,18.14,1690160400000
867,24.592,24.614,24.378,24.425,879.72,1690162200000
868,24.411,24.461,24.232,24.365,426.50,1690164000000
869,24.352,24.442,24.337,24.427,532.16,1690165800000
870,24.412,24.454,24.365,24.415,245.46,1690167600000
871,24.426,24.455,24.294,24.348,333.62,1690169400000
872,24.343,24.345,24.071,24.273,232.70,1690171200000
873,24.269,24.349,24.253,24.342,190.49,1690173000000
874,24.345,24.436,24.316,24.434,314.37,1690174800000
875,24.429,24.449,24.366,24.445,202.79,1690176600000
876,24.438,24.461,24.371,24.428,258.58,1690178400000
877,24.427,24.448,24.357,24.400,138.15,1690180200000
878,24.393,24.536,24.373,24.531,413.07,1690182000000
879,24.525,24.673,24.487,24.574,231.08,1690183800000
880,24.575,24.622,24.508,24.577,134.86,1690185600000
881,24.585,24.586,24.469,24.485,181.59,1690187400000
882,24.487,24.545,24.465,24.542,207.45,1690189200000
883,24.535,24.564,23.008,23.364,9717.88,1690191000000
884,23.344,23.729,23.294,23.699,1715.70,1690192800000
885,23.710,23.773,23.622,23.773,280.24,1690194600000
886,23.771,23.833,23.729,23.745,462.95,1690196400000
887,23.750,23.817,23.575,23.628,1813.06,1690198200000
888,23.613,23.655,23.513,23.543,1533.42,1690200000000
889,23.541,23.633,23.475,23.585,469.19,1690201800000
890,23.589,23.671,23.589,23.608,298.49,1690203600000
891,23.630,23.635,23.400,23.510,818.62,1690205400000
892,23.516,23.554,23.406,23.429,545.36,1690207200000
893,23.426,23.478,23.184,23.234,1451.62,1690209000000
894,23.233,23.413,22.880,23.387,1382.76,1690210800000
895,23.389,23.389,23.111,23.202,1358.42,1690212600000
896,23.209,23.356,23.082,23.171,388.05,1690214400000
897,23.183,23.374,23.177,23.351,829.52,1690216200000
898,23.343,23.359,23.193,23.256,488.98,1690218000000
899,23.262,23.331,23.143,23.222,339.02,1690219800000
900,23.223,23.424,23.171,23.397,927.68,1690221600000
901,23.396,23.484,23.367,23.377,1281.35,1690223400000
902,23.395,23.430,23.321,23.343,352.96,1690225200000
903,23.336,23.374,23.294,23.294,64.22,1690227000000
904,23.311,23.402,23.299,23.334,398.72,1690228800000
905,23.354,23.386,23.249,23.380,389.29,1690230600000
906,23.371,23.492,23.354,23.475,163.39,1690232400000
907,23.465,23.554,23.422,23.526,358.02,1690234200000
908,23.525,23.600,23.419,23.420,672.38,1690236000000
909,23.418,23.443,23.341,23.418,343.53,1690237800000
910,23.422,23.476,23.378,23.472,232.46,1690239600000
911,23.473,23.473,23.347,23.364,16.78,1690241400000
912,23.373,23.442,23.307,23.429,42.82,1690243200000
913,23.402,23.421,23.236,23.284,269.29,1690245000000
914,23.294,23.298,23.154,23.254,345.63,1690246800000
915,23.261,23.289,23.209,23.277,127.11,1690248600000
916,23.281,23.410,23.273,23.380,57.74,1690250400000
917,23.382,23.519,23.382,23.469,251.04,1690252200000
918,23.470,23.498,23.368,23.382,73.55,1690254000000
919,23.374,23.387,23.339,23.370,329.93,1690255800000
920,23.386,23.388,23.202,23.203,1364.33,1690257600000
921,23.204,23.249,23.176,23.223,195.45,1690259400000
922,23.226,23.289,23.196,23.289,416.93,1690261200000
923,23.297,23.356,23.294,23.308,104.28,1690263000000
924,23.312,23.324,23.199,23.247,142.08,1690264800000
925,23.240,23.244,23.062,23.173,322.17,1690266600000
926,23.182,23.245,23.153,23.215,189.07,1690268400000
927,23.208,23.217,22.974,23.091,1006.14,1690270200000
928,23.091,23.139,23.035,23.129,491.51,1690272000000
929,23.121,23.209,23.071,23.199,86.08,1690273800000
930,23.209,23.299,23.165,23.289,90.44,1690275600000
931,23.298,23.402,23.253,23.256,498.19,1690277400000
932,23.245,23.287,23.206,23.256,114.31,1690279200000
933,23.251,23.251,23.178,23.191,138.88,1690281000000
934,23.185,23.213,23.130,23.161,83.85,1690282800000
935,23.153,23.216,23.130,23.172,348.60,1690284600000
936,23.166,23.228,23.083,23.221,1044.57,1690286400000
937,23.205,23.211,23.027,23.070,721.08,1690288200000
938,23.075,23.144,22.754,22.986,1557.77,1690290000000
939,22.986,23.434,22.983,23.351,1559.22,1690291800000
940,23.348,23.584,23.343,23.419,875.39,1690293600000
941,23.423,23.423,23.098,23.199,442.19,1690295400000
942,23.185,23.280,23.158,23.274,233.28,1690297200000
943,23.266,23.307,23.207,23.207,372.62,1690299000000
944,23.202,23.373,23.177,23.259,366.80,1690300800000
945,23.279,23.333,23.164,23.262,378.99,1690302600000
946,23.242,23.311,23.083,23.302,910.86,1690304400000
947,23.303,23.388,23.266,23.371,366.94,1690306200000
948,23.381,23.440,23.352,23.391,100.21,1690308000000
949,23.397,23.449,23.254,23.254,330.99,1690309800000
950,23.249,23.315,23.215,23.305,59.55,1690311600000
951,23.298,23.298,23.155,23.160,49.23,1690313400000
952,23.155,23.231,23.130,23.187,295.53,1690315200000
953,23.189,23.241,23.160,23.230,318.38,1690317000000
954,23.232,23.337,23.232,23.337,845.73,1690318800000
955,23.337,23.348,23.281,23.313,119.26,1690320600000
956,23.310,23.355,23.206,23.218,246.44,1690322400000
957,23.222,23.239,23.163,23.163,21.28,1690324200000
958,23.173,23.206,23.134,23.188,339.29,1690326000000
959,23.180,23.319,23.180,23.278,396.75,1690327800000
960,23.282,23.345,23.183,23.271,261.30,1690329600000
961,23.281,23.308,23.196,23.274,413.61,1690331400000
962,23.268,23.490,23.267,23.472,472.81,1690333200000
963,23.487,23.494,23.269,23.409,918.46,1690335000000
964,23.419,23.490,23.331,23.436,1875.22,1690336800000
965,23.431,23.529,23.305,23.529,373.94,1690338600000
966,23.526,23.680,23.515,23.639,678.70,1690340400000
967,23.639,23.642,23.524,23.524,127.51,1690342200000
968,23.522,23.522,23.414,23.444,127.12,1690344000000
969,23.440,23.484,23.390,23.421,86.36,1690345800000
970,23.414,23.486,23.414,23.462,222.36,1690347600000
971,23.445,23.582,23.405,23.548,48.59,1690349400000
972,23.548,23.548,23.493,23.500,162.95,1690351200000
973,23.507,23.618,23.382,23.432,1131.40,1690353000000
974,23.446,23.492,23.404,23.418,204.42,1690354800000
975,23.421,23.500,23.421,23.471,129.75,1690356600000
976,23.473,23.606,23.473,23.603,203.19,1690358400000
977,23.617,23.639,23.536,23.540,131.34,1690360200000
978,23.539,23.613,23.505,23.505,139.36,1690362000000
979,23.515,23.590,23.450,23.520,202.33,1690363800000
980,23.523,23.787,23.514,23.654,536.25,1690365600000
981,23.649,23.789,23.644,23.690,506.22,1690367400000
982,23.691,23.891,23.682,23.848,788.09,1690369200000
983,23.851,23.967,23.769,23.826,1104.71,1690371000000
984,23.818,24.356,23.817,24.284,1646.88,1690372800000
985,24.321,24.562,24.282,24.402,1380.53,1690374600000
986,24.404,24.629,24.309,24.444,1077.89,1690376400000
987,24.444,24.544,24.358,24.523,588.83,1690378200000
988,24.555,24.689,24.313,24.344,1145.98,1690380000000
989,24.362,24.493,24.318,24.490,570.64,1690381800000
990,24.491,24.820,24.491,24.717,964.00,1690383600000
991,24.712,24.986,24.694,24.903,1530.80,1690385400000
992,24.952,24.965,24.753,24.832,735.79,1690387200000
993,24.814,24.849,24.670,24.692,232.54,1690389000000
994,24.698,24.748,24.517,24.645,237.91,1690390800000
995,24.642,24.833,24.612,24.684,362.23,1690392600000
996,24.691,25.230,24.603,25.004,3565.94,1690394400000
997,25.015,25.680,24.953,25.094,1707.33,1690396200000
998,25.086,25.216,24.795,25.130,1946.32,1690398000000
999,25.141,25.424,25.103,25.366,1703.11,1690399800000
1000,25.378,25.516,25.285,25.370,1375.09,1690401600000
1001,25.371,25.463,25.206,25.262,1430.47,1690403400000
1002,25.256,25.384,25.157,25.233,413.94,1690405200000
1003,25.234,25.353,25.214,25.253,325.19,1690407000000
1004,25.254,25.433,25.254,25.276,251.75,1690408800000
1005,25.269,25.345,25.184,25.326,1001.34,1690410600000
1006,25.344,25.403,25.259,25.259,409.03,1690412400000
1007,25.248,25.251,25.070,25.180,698.54,1690414200000
1008,25.181,25.527,24.893,25.374,2084.52,1690416000000
1009,25.374,25.384,25.058,25.145,418.96,1690417800000
1010,25.130,25.146,24.970,25.034,325.54,1690419600000
1011,25.054,25.065,24.904,24.996,1703.89,1690421400000
1012,24.996,25.020,24.686,24.737,2605.40,1690423200000
1013,24.726,24.816,24.688,24.738,539.54,1690425000000
1014,24.751,24.936,24.710,24.931,280.97,1690426800000
1015,24.935,25.082,24.850,24.928,495.67,1690428600000
1016,24.934,25.071,24.926,25.043,457.59,1690430400000
1017,25.049,25.250,25.040,25.166,326.60,1690432200000
1018,25.175,25.272,25.173,25.181,116.26,1690434000000
1019,25.193,25.313,25.097,25.297,55.63,1690435800000
1020,25.304,25.336,25.152,25.152,79.47,1690437600000
1021,25.157,25.218,25.078,25.078,267.78,1690439400000
1022,25.073,25.221,25.073,25.090,482.75,1690441200000
1023,25.087,25.179,24.983,25.018,550.48,1690443000000
1024,25.014,25.085,24.932,25.085,413.74,1690444800000
1025,25.085,25.283,25.085,25.263,652.28,1690446600000
1026,25.280,25.417,25.208,25.394,288.64,1690448400000
1027,25.412,25.472,25.285,25.349,1717.27,1690450200000
1028,25.343,25.404,25.280,25.327,153.79,1690452000000
1029,25.339,25.339,25.186,25.206,1072.04,1690453800000
1030,25.207,25.371,25.185,25.339,93.45,1690455600000
1031,25.332,25.427,25.332,25.390,452.58,1690457400000
1032,25.391,25.453,25.302,25.350,752.77,1690459200000
1033,25.336,25.378,25.283,25.316,815.67,1690461000000
1034,25.320,25.353,25.211,25.325,137.22,1690462800000
1035,25.322,25.574,25.303,25.458,226.01,1690464600000
1036,25.439,25.523,25.334,25.506,717.73,1690466400000
1037,25.506,25.645,25.237,25.453,713.15,1690468200000
1038,25.453,25.565,25.268,25.421,771.01,1690470000000
1039,25.411,25.463,25.024,25.166,1402.04,1690471800000
1040,25.165,25.335,25.134,25.226,374.19,1690473600000
1041,25.208,25.296,25.181,25.242,281.33,1690475400000
1042,25.232,25.290,25.058,25.285,1219.86,1690477200000
1043,25.288,25.294,25.187,25.201,1863.38,1690479000000
1044,25.187,25.201,24.923,25.002,1583.09,1690480800000
1045,24.997,25.019,24.775,24.934,946.97,1690482600000
1046,24.925,24.979,24.875,24.875,209.31,1690484400000
1047,24.872,24.941,24.745,24.941,508.10,1690486200000
1048,24.944,25.036,24.896,24.928,187.12,1690488000000
1049,24.933,24.934,24.763,24.802,245.97,1690489800000
1050,24.813,24.924,24.785,24.907,261.49,1690491600000
1051,24.904,25.072,24.904,25.014,108.83,1690493400000
1052,25.022,25.247,25.022,25.193,562.36,1690495200000
1053,25.202,25.222,25.076,25.129,817.50,1690497000000
1054,25.125,25.173,25.034,25.081,644.13,1690498800000
1055,25.102,25.147,25.075,25.096,171.95,1690500600000
1056,25.102,25.262,25.026,25.198,645.58,1690502400000
1057,25.214,25.400,25.145,25.301,237.55,1690504200000
1058,25.307,25.316,25.157,25.162,144.28,1690506000000
1059,25.175,25.200,25.126,25.133,77.33,1690507800000
1060,25.144,25.191,25.051,25.063,153.32,1690509600000
1061,25.074,25.074,24.956,25.013,274.36,1690511400000
1062,25.012,25.033,24.926,24.947,251.89,1690513200000
1063,24.951,25.048,24.827,24.930,415.44,1690515000000
1064,24.942,24.961,24.871,24.875,421.11,1690516800000
1065,24.874,25.008,24.874,25.007,70.65,1690518600000
1066,25.006,25.008,24.803,24.806,192.31,1690520400000
1067,24.831,24.831,24.579,24.682,386.83,1690522200000
1068,24.675,24.764,24.654,24.760,638.04,1690524000000
1069,24.750,24.770,24.701,24.710,0.99,1690525800000
1070,24.708,24.757,24.680,24.735,380.93,1690527600000
1071,24.736,24.737,24.565,24.628,201.79,1690529400000
1072,24.634,24.717,24.562,24.701,438.15,1690531200000
1073,24.710,24.731,24.659,24.685,355.93,1690533000000
1074,24.702,24.711,24.554,24.565,60.80,1690534800000
1075,24.577,24.834,24.576,24.803,331.72,1690536600000
1076,24.810,24.833,24.704,24.708,467.44,1690538400000
1077,24.714,24.778,24.695,24.722,459.77,1690540200000
1078,24.721,24.732,24.652,24.691,840.28,1690542000000
1079,24.692,24.729,24.643,24.643,648.52,1690543800000
1080,24.640,24.755,24.639,24.755,286.29,1690545600000
1081,24.763,24.809,24.685,24.809,856.11,1690547400000
1082,24.812,24.812,24.726,24.749,270.70,1690549200000
1083,24.744,24.793,24.693,24.727,101.74,1690551000000
1084,24.730,24.984,24.730,24.984,1579.25,1690552800000
1085,25.002,25.134,24.994,25.134,852.54,1690554600000
1086,25.127,25.532,25.085,25.485,985.28,1690556400000
1087,25.473,25.513,25.203,25.223,592.84,1690558200000
1088,25.238,25.238,25.125,25.193,154.77,1690560000000
1089,25.190,25.352,25.131,25.308,165.53,1690561800000
1090,25.312,25.406,25.133,25.140,334.87,1690563600000
1091,25.140,25.145,24.850,25.020,363.38,1690565400000
1092,25.020,25.102,24.988,25.012,489.08,1690567200000
1093,25.014,25.135,25.009,25.100,2985.79,1690569000000
1094,25.092,25.150,25.067,25.105,668.96,1690570800000
1095,25.084,25.143,25.042,25.047,934.99,1690572600000
1096,25.040,25.087,24.994,25.052,163.77,1690574400000
1097,25.047,25.099,25.006,25.051,337.67,1690576200000
1098,25.052,25.113,24.992,25.113,228.51,1690578000000
1099,25.114,25.114,24.986,24.986,122.82,1690579800000
1100,24.980,24.980,24.880,24.909,177.22,1690581600000
1101,24.909,24.968,24.895,24.900,52.17,1690583400000
1102,24.899,24.973,24.897,24.933,27.35,1690585200000
1103,24.937,24.941,24.816,24.816,71.66,1690587000000
1104,24.824,24.930,24.747,24.906,667.33,1690588800000
1105,24.905,24.967,24.879,24.913,177.55,1690590600000
1106,24.903,24.952,24.873,24.897,131.94,1690592400000
1107,24.906,25.067,24.906,25.047,319.77,1690594200000
1108,25.055,25.092,25.013,25.050,27.32,1690596000000
1109,25.052,25.156,24.965,25.119,176.69,1690597800000
1110,25.130,25.206,25.106,25.147,236.28,1690599600000
1111,25.146,25.180,25.098,25.148,58.93,1690601400000
1112,25.151,25.225,25.097,25.160,243.75,1690603200000
1113,25.172,25.249,25.162,25.174,65.41,1690605000000
1114,25.168,25.240,25.145,25.159,1.97,1690606800000
1115,25.154,25.234,25.154,25.207,1.39,1690608600000
1116,25.208,25.211,25.114,25.131,8.36,1690610400000
1117,25.131,25.131,25.071,25.109,12.24,1690612200000
1118,25.114,25.146,25.081,25.089,209.57,1690614000000
1119,25.085,25.125,25.043,25.074,359.82,1690615800000
1120,25.064,25.134,25.054,25.128,95.35,1690617600000
1121,25.129,25.175,24.981,25.001,105.70,1690619400000
1122,24.993,25.150,24.974,25.130,34.50,1690621200000
1123,25.120,25.144,25.032,25.110,58.26,1690623000000
1124,25.082,25.089,24.976,25.024,1152.37,1690624800000
1125,25.007,25.041,24.953,24.978,904.19,1690626600000
1126,24.975,25.070,24.947,25.070,372.46,1690628400000
1127,25.067,25.067,24.948,24.955,533.37,1690630200000
1128,24.959,25.136,24.942,25.134,132.96,1690632000000
1129,25.139,25.194,25.039,25.043,302.35,1690633800000
1130,25.057,25.174,25.057,25.138,216.66,1690635600000
1131,25.138,25.150,25.079,25.081,29.58,1690637400000
1132,25.077,25.128,25.039,25.063,875.27,1690639200000
1133,25.055,25.073,24.932,25.006,90.28,1690641000000
1134,25.014,25.072,25.006,25.058,169.12,1690642800000
1135,25.054,25.080,25.002,25.078,183.22,1690644600000
1136,25.081,25.116,25.037,25.095,127.73,1690646400000
1137,25.086,25.128,25.053,25.122,110.07,1690648200000
1138,25.136,25.235,25.127,25.208,515.37,1690650000000
1139,25.214,25.350,25.214,25.270,292.86,1690651800000
1140,25.287,25.298,25.123,25.208,243.12,1690653600000
1141,25.203,25.245,25.180,25.184,173.19,1690655400000
1142,25.184,25.301,25.179,25.239,228.00,1690657200000
1143,25.242,25.285,25.204,25.231,98.70,1690659000000
1144,25.228,25.379,25.218,25.358,212.53,1690660800000
1145,25.355,25.361,25.295,25.315,22.48,1690662600000
1146,25.315,25.349,25.235,25.273,186.96,1690664400000
1147,25.253,25.253,25.197,25.201,2.39,1690666200000
1148,25.214,25.294,25.214,25.265,17.28,1690668000000
1149,25.264,25.305,25.254,25.259,47.60,1690669800000
1150,25.265,25.277,25.218,25.245,732.14,1690671600000
1151,25.238,25.238,25.141,25.155,334.72,1690673400000
1152,25.168,25.175,25.091,25.133,107.49,1690675200000
1153,25.132,25.181,25.081,25.177,188.30,1690677000000
1154,25.172,25.196,25.096,25.136,90.05,1690678800000
1155,25.142,25.145,25.081,25.096,94.69,1690680600000
1156,25.094,25.158,25.067,25.067,440.42,1690682400000
1157,25.075,25.108,25.066,25.066,1.68,1690684200000
1158,25.074,25.114,25.066,25.093,0.96,1690686000000
1159,25.091,25.111,25.017,25.033,126.83,1690687800000
1160,25.044,25.055,24.943,25.051,678.93,1690689600000
1161,25.055,25.079,25.043,25.055,2.05,1690691400000
1162,25.071,25.118,25.046,25.093,181.80,1690693200000
1163,25.086,25.086,25.042,25.074,622.58,1690695000000
1164,25.074,25.075,24.944,24.970,733.04,1690696800000
1165,24.966,24.981,24.933,24.944,3.04,1690698600000
1166,24.950,24.952,24.839,24.897,221.19,1690700400000
1167,24.892,24.945,24.883,24.934,180.10,1690702200000
1168,24.928,24.986,24.894,24.975,68.25,1690704000000
1169,24.974,25.002,24.950,25.002,336.23,1690705800000
1170,24.996,24.996,24.933,24.985,146.47,1690707600000
1171,24.987,24.992,24.952,24.992,68.05,1690709400000
1172,24.996,25.058,24.941,24.955,195.28,1690711200000
1173,24.947,24.951,24.835,24.913,179.53,1690713000000
1174,24.919,25.030,24.908,24.922,195.92,1690714800000
1175,24.905,24.972,24.896,24.965,104.19,1690716600000
1176,24.973,24.996,24.936,24.994,292.09,1690718400000
1177,24.994,24.995,24.935,24.979,91.29,1690720200000
1178,24.980,24.980,24.866,24.871,74.38,1690722000000
1179,24.871,24.879,24.729,24.776,387.33,1690723800000
1180,24.784,24.860,24.775,24.812,332.60,1690725600000
1181,24.807,24.935,24.763,24.935,468.79,1690727400000
1182,24.933,25.046,24.918,25.031,280.49,1690729200000
1183,25.031,25.091,24.843,24.893,871.91,1690731000000
1184,24.901,24.979,24.862,24.914,346.16,1690732800000
1185,24.912,24.995,24.859,24.910,189.56,1690734600000
1186,24.917,24.976,24.888,24.970,194.17,1690736400000
1187,24.970,24.977,24.922,24.977,30.10,1690738200000
1188,24.977,24.980,24.911,24.911,274.67,1690740000000
1189,24.912,24.934,24.852,24.877,93.55,1690741800000
1190,24.883,24.905,24.795,24.832,340.04,1690743600000
1191,24.832,24.832,23.825,24.225,8171.10,1690745400000
1192,24.218,24.218,23.524,24.102,3163.15,1690747200000
1193,24.085,24.323,24.054,24.277,768.13,1690749000000
1194,24.255,24.312,24.199,24.270,527.07,1690750800000
1195,24.262,24.297,24.195,24.247,300.35,1690752600000
1196,24.249,24.249,24.104,24.118,943.43,1690754400000
1197,24.124,24.170,24.069,24.082,546.77,1690756200000
1198,24.083,24.280,24.083,24.271,11.67,1690758000000
1199,24.271,24.304,24.238,24.253,47.23,1690759800000
1200,24.253,24.254,24.124,24.238,570.98,1690761600000
1201,24.247,24.533,24.241,24.472,924.71,1690763400000
1202,24.457,24.535,24.365,24.399,766.73,1690765200000
1203,24.399,24.478,24.376,24.474,124.80,1690767000000
1204,24.471,24.566,24.442,24.556,260.28,1690768800000
1205,24.562,24.765,24.562,24.748,687.08,1690770600000
1206,24.738,24.773,24.651,24.683,623.11,1690772400000
1207,24.687,24.703,24.614,24.618,445.30,1690774200000
1208,24.656,24.681,24.483,24.483,280.64,1690776000000
1209,24.468,24.502,24.393,24.460,390.83,1690777800000
1210,24.444,24.482,24.390,24.467,100.14,1690779600000
1211,24.457,24.501,24.409,24.409,149.66,1690781400000
1212,24.410,24.537,24.395,24.520,388.97,1690783200000
1213,24.519,24.540,24.436,24.519,558.26,1690785000000
1214,24.521,24.552,24.455,24.543,92.76,1690786800000
1215,24.543,24.573,24.486,24.496,124.30,1690788600000
1216,24.499,24.590,24.473,24.571,207.61,1690790400000
1217,24.588,24.588,24.507,24.566,204.44,1690792200000
1218,24.566,24.578,24.424,24.437,366.75,1690794000000
1219,24.428,24.464,24.364,24.460,397.17,1690795800000
1220,24.466,24.525,24.395,24.503,333.02,1690797600000
1221,24.516,24.516,24.464,24.509,119.68,1690799400000
1222,24.517,24.544,24.464,24.478,150.43,1690801200000
1223,24.468,24.496,24.429,24.468,211.04,1690803000000
1224,24.461,24.469,24.388,24.439,180.59,1690804800000
1225,24.452,24.676,24.452,24.666,1065.60,1690806600000
1226,24.660,24.660,24.492,24.502,307.38,1690808400000
1227,24.516,24.536,24.204,24.320,710.38,1690810200000
1228,24.310,24.407,24.228,24.347,480.05,1690812000000
1229,24.352,24.376,24.263,24.303,1623.79,1690813800000
1230,24.297,24.299,24.064,24.128,1885.17,1690815600000
1231,24.125,24.128,23.921,23.946,1627.83,1690817400000
1232,23.917,24.058,23.917,24.045,176.27,1690819200000
1233,24.011,24.076,24.003,24.012,197.85,1690821000000
1234,24.012,24.072,23.956,24.000,146.25,1690822800000
1235,23.993,24.142,23.956,24.111,546.04,1690824600000
1236,24.110,24.110,23.829,23.927,799.02,1690826400000
1237,23.931,23.940,23.843,23.850,104.96,1690828200000
1238,23.851,23.877,23.742,23.828,328.34,1690830000000
1239,23.828,23.888,23.537,23.663,1358.18,1690831800000
1240,23.670,23.885,23.583,23.885,287.02,1690833600000
1241,23.874,23.924,23.663,23.721,199.41,1690835400000
1242,23.723,23.893,23.624,23.752,127.11,1690837200000
1243,23.751,23.831,23.734,23.793,35.22,1690839000000
1244,23.777,23.827,23.690,23.825,649.26,1690840800000
1245,23.824,23.824,23.736,23.780,48.17,1690842600000
1246,23.776,23.785,23.670,23.707,80.03,1690844400000
1247,23.699,23.789,23.694,23.731,304.19,1690846200000
1248,23.740,23.825,23.615,23.825,206.25,1690848000000
1249,23.817,23.943,23.817,23.917,609.53,1690849800000
1250,23.918,23.978,23.812,23.812,33.25,1690851600000
1251,23.825,23.845,23.395,23.563,754.86,1690853400000
1252,23.578,23.597,22.829,23.318,4859.61,1690855200000
1253,23.318,23.408,23.277,23.406,1424.05,1690857000000
1254,23.396,23.533,23.360,23.494,748.96,1690858800000
1255,23.502,23.503,23.348,23.401,706.75,1690860600000
1256,23.389,23.448,23.304,23.318,285.53,1690862400000
1257,23.317,23.422,23.286,23.302,208.20,1690864200000
1258,23.294,23.473,23.280,23.429,751.77,1690866000000
1259,23.427,23.556,23.427,23.544,1984.46,1690867800000
1260,23.516,23.570,23.479,23.547,168.79,1690869600000
1261,23.538,23.644,23.515,23.548,384.78,1690871400000
1262,23.548,23.562,23.498,23.551,193.02,1690873200000
1263,23.549,23.552,23.461,23.470,219.37,1690875000000
1264,23.480,23.623,23.474,23.614,596.64,1690876800000
1265,23.617,23.624,23.542,23.621,397.37,1690878600000
1266,23.613,23.613,23.475,23.498,323.36,1690880400000
1267,23.498,23.521,23.429,23.435,177.25,1690882200000
1268,23.438,23.453,23.408,23.418,89.93,1690884000000
1269,23.417,23.452,23.398,23.398,114.24,1690885800000
1270,23.400,23.450,23.374,23.388,220.72,1690887600000
1271,23.382,23.398,23.301,23.330,89.14,1690889400000
1272,23.338,23.370,23.239,23.296,454.51,1690891200000
1273,23.299,23.465,23.277,23.414,221.00,1690893000000
1274,23.407,23.421,23.358,23.407,103.00,1690894800000
1275,23.418,23.435,23.352,23.385,103.01,1690896600000
1276,23.388,23.453,23.299,23.319,283.28,1690898400000
1277,23.319,23.340,23.068,23.124,1727.44,1690900200000
1278,23.148,23.203,23.060,23.097,878.13,1690902000000
1279,23.057,23.334,22.823,23.264,2849.54,1690903800000
1280,23.274,23.433,23.244,23.366,148.85,1690905600000
1281,23.359,23.359,23.184,23.320,2440.22,1690907400000
1282,23.320,23.426,23.318,23.403,2016.51,1690909200000
1283,23.404,23.418,23.350,23.387,273.82,1690911000000
1284,23.389,23.593,23.389,23.522,507.22,1690912800000
1285,23.536,23.690,23.532,23.686,1023.39,1690914600000
1286,23.696,23.792,23.588,23.604,571.28,1690916400000
1287,23.598,23.631,23.539,23.615,24.03,1690918200000
1288,23.620,23.635,23.484,23.498,203.48,1690920000000
1289,23.502,23.549,23.477,23.532,140.40,1690921800000
1290,23.527,23.635,23.504,23.635,504.67,1690923600000
1291,23.643,23.703,23.573,23.633,50.37,1690925400000
1292,23.624,23.662,23.541,23.625,587.97,1690927200000
1293,23.623,23.686,23.585,23.661,644.70,1690929000000
1294,23.652,23.907,23.644,23.875,1291.91,1690930800000
1295,23.885,24.055,23.845,24.055,2821.24,1690932600000
1296,24.070,24.232,23.989,24.057,845.93,1690934400000
1297,24.062,24.074,23.988,24.029,623.74,1690936200000
1298,24.026,24.233,23.979,24.214,1768.24,1690938000000
1299,24.220,24.278,23.991,23.991,1043.23,1690939800000
1300,23.994,24.010,23.915,23.948,798.32,1690941600000
1301,23.938,23.964,23.878,23.914,381.38,1690943400000
1302,23.915,23.915,23.778,23.785,242.74,1690945200000
1303,23.797,23.800,23.652,23.665,576.02,1690947000000
1304,23.674,23.719,23.593,23.686,617.95,1690948800000
1305,23.673,23.734,23.667,23.727,261.20,1690950600000
1306,23.727,23.731,23.626,23.637,234.08,1690952400000
1307,23.627,23.713,23.626,23.680,174.88,1690954200000
1308,23.681,23.785,23.669,23.785,175.96,1690956000000
1309,23.771,23.783,23.658,23.658,650.75,1690957800000
1310,23.663,23.802,23.663,23.773,431.12,1690959600000
1311,23.782,23.788,23.606,23.634,298.86,1690961400000
1312,23.638,23.658,23.412,23.565,1486.08,1690963200000
1313,23.559,23.643,23.522,23.598,216.81,1690965000000
1314,23.602,23.639,23.569,23.618,83.88,1690966800000
1315,23.618,23.622,23.533,23.544,360.06,1690968600000
1316,23.547,23.580,23.523,23.580,160.77,1690970400000
1317,23.576,23.678,23.547,23.678,469.80,1690972200000
1318,23.683,23.704,23.638,23.685,408.34,1690974000000
1319,23.678,23.705,23.660,23.680,86.93,1690975800000
1320,23.678,23.714,23.583,23.596,538.85,1690977600000
1321,23.596,23.610,23.486,23.515,643.71,1690979400000
1322,23.508,23.524,23.425,23.488,462.35,1690981200000
1323,23.479,23.513,23.361,23.444,627.47,1690983000000
1324,23.438,23.472,23.227,23.297,2096.67,1690984800000
1325,23.286,23.346,23.182,23.232,2709.42,1690986600000
1326,23.205,23.270,23.120,23.216,652.32,1690988400000
1327,23.222,23.370,23.213,23.276,1474.50,1690990200000
1328,23.254,23.303,23.171,23.205,747.55,1690992000000
1329,23.200,23.330,22.818,23.002,10757.74,1690993800000
1330,22.991,23.156,22.954,23.143,4234.87,1690995600000
1331,23.144,23.216,23.064,23.131,335.36,1690997400000
1332,23.128,23.187,23.087,23.119,389.01,1690999200000
1333,23.102,23.119,23.012,23.076,1616.12,1691001000000
1334,23.077,23.182,23.063,23.182,307.73,1691002800000
1335,23.186,23.266,23.157,23.187,683.20,1691004600000
1336,23.170,23.215,23.113,23.157,140.18,1691006400000
1337,23.174,23.200,23.105,23.126,187.45,1691008200000
1338,23.122,23.138,23.018,23.122,831.17,1691010000000
1339,23.123,23.170,23.122,23.159,115.16,1691011800000
1340,23.166,23.328,23.143,23.296,518.65,1691013600000
1341,23.297,23.297,23.203,23.219,346.95,1691015400000
1342,23.217,23.235,23.144,23.186,261.49,1691017200000
1343,23.185,23.195,23.122,23.153,240.67,1691019000000
1344,23.148,23.256,23.086,23.212,817.83,1691020800000
1345,23.225,23.296,23.147,23.147,410.86,1691022600000
1346,23.155,23.231,23.133,23.204,328.48,1691024400000
1347,23.233,23.362,23.233,23.353,548.91,1691026200000
1348,23.362,23.382,23.235,23.235,703.37,1691028000000
1349,23.225,23.280,23.192,23.267,159.56,1691029800000
1350,23.266,23.291,23.218,23.282,109.80,1691031600000
1351,23.280,23.289,23.215,23.249,173.46,1691033400000
1352,23.256,23.285,23.147,23.147,127.38,1691035200000
1353,23.146,23.166,23.094,23.154,440.56,1691037000000
1354,23.160,23.193,23.123,23.152,714.82,1691038800000
1355,23.150,23.214,23.133,23.196,166.49,1691040600000
1356,23.197,23.202,23.110,23.110,184.34,1691042400000
1357,23.109,23.119,22.925,22.975,381.63,1691044200000
1358,22.970,22.998,22.473,22.692,2880.57,1691046000000
1359,22.697,22.762,22.663,22.707,297.54,1691047800000
1360,22.723,22.792,22.454,22.653,1483.12,1691049600000
1361,22.651,22.744,22.596,22.698,154.98,1691051400000
1362,22.683,22.785,22.654,22.693,1267.70,1691053200000
1363,22.691,22.748,22.674,22.736,66.78,1691055000000
1364,22.736,22.782,22.703,22.764,416.32,1691056800000
1365,22.756,22.839,22.726,22.802,80.28,1691058600000
1366,22.810,22.814,22.726,22.755,178.17,1691060400000
1367,22.767,22.825,22.724,22.751,77.13,1691062200000
1368,22.751,22.816,22.645,22.685,195.87,1691064000000
1369,22.680,22.715,22.628,22.670,125.46,1691065800000
1370,22.679,22.813,22.679,22.739,1.72,1691067600000
1371,22.744,22.867,22.711,22.854,194.96,1691069400000
1372,22.848,22.944,22.843,22.902,334.31,1691071200000
1373,22.889,23.093,22.885,23.082,854.11,1691073000000
1374,23.065,23.093,22.768,22.847,1246.40,1691074800000
1375,22.834,22.891,22.783,22.796,21.14,1691076600000
1376,22.803,22.825,22.696,22.825,239.40,1691078400000
1377,22.834,22.883,22.776,22.867,42.01,1691080200000
1378,22.867,23.065,22.865,23.014,325.49,1691082000000
1379,23.016,23.017,22.855,22.861,156.66,1691083800000
1380,22.849,22.886,22.770,22.829,183.37,1691085600000
1381,22.827,22.925,22.825,22.918,36.20,1691087400000
1382,22.917,22.917,22.821,22.842,125.73,1691089200000
1383,22.833,22.907,22.833,22.895,2.99,1691091000000
1384,22.893,23.104,22.891,23.084,3.51,1691092800000
1385,23.085,23.091,22.949,22.953,182.64,1691094600000
1386,22.958,23.011,22.888,22.923,277.00,1691096400000
1387,22.923,22.940,22.752,22.789,120.02,1691098200000
1388,22.791,22.824,22.482,22.565,721.93,1691100000000
1389,22.551,22.713,22.521,22.711,114.11,1691101800000
1390,22.714,22.723,22.631,22.685,107.76,1691103600000
1391,22.686,22.732,22.610,22.632,258.61,1691105400000
1392,22.655,22.732,22.541,22.642,1235.62,1691107200000
1393,22.636,22.723,22.575,22.723,440.16,1691109000000
1394,22.724,22.727,22.571,22.584,297.21,1691110800000
1395,22.592,22.697,22.592,22.594,208.93,1691112600000
1396,22.594,22.640,22.490,22.579,1023.47,1691114400000
1397,22.581,22.697,22.581,22.697,44.43,1691116200000
1398,22.693,22.772,22.664,22.762,65.44,1691118000000
1399,22.765,22.786,22.688,22.743,222.04,1691119800000
1400,22.743,22.762,22.664,22.695,125.45,1691121600000
1401,22.694,22.846,22.651,22.844,350.98,1691123400000
1402,22.847,23.019,22.809,22.955,409.14,1691125200000
1403,22.956,23.012,22.920,22.920,192.49,1691127000000
1404,22.926,22.966,22.898,22.942,80.40,1691128800000
1405,22.942,22.942,22.827,22.858,256.83,1691130600000
1406,22.885,22.934,22.791,22.887,1163.93,1691132400000
1407,22.880,22.998,22.839,22.973,1257.88,1691134200000
1408,22.967,23.068,22.947,22.964,640.86,1691136000000
1409,22.960,22.997,22.899,22.916,299.00,1691137800000
1410,22.921,22.980,22.873,22.977,333.11,1691139600000
1411,22.977,22.977,22.929,22.960,124.79,1691141400000
1412,22.955,22.972,22.922,22.961,160.77,1691143200000
1413,22.957,22.973,22.873,22.883,363.23,1691145000000
1414,22.867,22.912,22.838,22.892,77.58,1691146800000
1415,22.891,22.963,22.870,22.917,444.62,1691148600000
1416,22.912,23.033,22.866,23.013,293.39,1691150400000
1417,23.002,23.200,22.925,23.137,1918.30,1691152200000
1418,23.136,23.293,23.085,23.237,1075.82,1691154000000
1419,23.211,23.561,23.208,23.373,1308.75,1691155800000
1420,23.373,23.394,23.236,23.392,553.12,1691157600000
1421,23.397,23.497,23.355,23.405,417.44,1691159400000
1422,23.407,23.418,23.287,23.344,466.84,1691161200000
1423,23.372,23.404,23.313,23.352,263.54,1691163000000
1424,23.368,23.455,23.310,23.446,267.55,1691164800000
1425,23.443,23.463,23.386,23.439,427.25,1691166600000
1426,23.446,23.446,23.305,23.323,425.36,1691168400000
1427,23.329,23.330,23.251,23.265,495.85,1691170200000
1428,23.272,23.283,23.053,23.082,1007.07,1691172000000
1429,23.088,23.142,22.784,22.957,1798.39,1691173800000
1430,22.952,23.034,22.874,22.955,574.67,1691175600000
1431,22.960,23.002,22.862,22.936,813.41,1691177400000
1432,22.926,23.026,22.918,22.986,592.91,1691179200000
1433,22.987,22.987,22.493,22.738,1614.38,1691181000000
1434,22.702,22.975,22.702,22.915,270.30,1691182800000
1435,22.909,22.952,22.834,22.855,61.84,1691184600000
1436,22.848,22.923,22.848,22.872,198.71,1691186400000
1437,22.872,22.872,22.789,22.813,491.26,1691188200000
1438,22.812,22.872,22.776,22.813,302.71,1691190000000
1439,22.815,22.891,22.780,22.805,104.68,1691191800000
1440,22.812,22.827,22.642,22.697,1036.45,1691193600000
1441,22.701,22.764,22.663,22.671,258.96,1691195400000
1442,22.666,22.762,22.584,22.591,325.88,1691197200000
1443,22.571,22.632,22.494,22.562,806.19,1691199000000
1444,22.564,22.698,22.551,22.650,773.52,1691200800000
1445,22.645,22.738,22.635,22.691,582.52,1691202600000
1446,22.687,22.759,22.682,22.732,28.85,1691204400000
1447,22.734,22.741,22.698,22.735,668.40,1691206200000
1448,22.737,22.737,22.687,22.713,61.10,1691208000000
1449,22.719,22.719,22.578,22.637,453.90,1691209800000
1450,22.637,22.723,22.608,22.714,208.25,1691211600000
1451,22.716,22.832,22.707,22.824,296.13,1691213400000
1452,22.811,22.816,22.755,22.800,212.81,1691215200000
1453,22.798,22.874,22.775,22.781,465.19,1691217000000
1454,22.787,22.811,22.743,22.751,58.94,1691218800000
1455,22.747,22.800,22.744,22.764,233.42,1691220600000
1456,22.763,22.766,22.712,22.732,291.74,1691222400000
1457,22.743,22.840,22.743,22.799,111.88,1691224200000
1458,22.799,22.848,22.765,22.832,70.46,1691226000000
1459,22.833,22.838,22.771,22.806,87.82,1691227800000
1460,22.805,22.872,22.800,22.868,229.33,1691229600000
1461,22.858,22.886,22.788,22.843,114.82,1691231400000
1462,22.854,22.931,22.831,22.887,727.41,1691233200000
1463,22.888,22.888,22.786,22.793,297.07,1691235000000
1464,22.791,22.804,22.646,22.726,777.92,1691236800000
1465,22.719,22.719,22.655,22.678,575.57,1691238600000
1466,22.677,22.741,22.676,22.731,48.27,1691240400000
1467,22.714,22.714,22.604,22.686,184.39,1691242200000
1468,22.694,22.785,22.694,22.752,1269.50,1691244000000
1469,22.764,22.803,22.688,22.787,1113.76,1691245800000
1470,22.788,22.809,22.579,22.610,652.91,1691247600000
1471,22.607,22.663,22.503,22.601,676.58,1691249400000
1472,22.605,22.665,22.542,22.552,146.72,1691251200000
1473,22.553,22.560,22.208,22.425,2409.07,1691253000000
1474,22.424,22.593,22.408,22.572,569.68,1691254800000
1475,22.584,22.595,22.522,22.579,637.28,1691256600000
1476,22.581,22.642,22.554,22.628,710.25,1691258400000
1477,22.627,22.682,22.580,22.624,379.85,1691260200000
1478,22.636,22.665,22.603,22.645,89.57,1691262000000
1479,22.647,22.651,22.583,22.589,151.62,1691263800000
1480,22.591,22.625,22.577,22.581,446.71,1691265600000
1481,22.583,22.594,22.498,22.531,137.10,1691267400000
1482,22.523,22.644,22.508,22.644,72.13,1691269200000
1483,22.641,22.704,22.590,22.590,100.99,1691271000000
1484,22.590,22.615,22.573,22.612,291.91,1691272800000
1485,22.612,22.682,22.607,22.664,187.05,1691274600000
1486,22.664,22.664,22.587,22.632,203.93,1691276400000
1487,22.635,22.666,22.588,22.661,72.92,1691278200000
1488,22.661,22.801,22.591,22.746,698.63,1691280000000
1489,22.746,22.763,22.657,22.716,553.61,1691281800000
1490,22.706,22.733,22.661,22.669,175.33,1691283600000
1491,22.665,22.729,22.665,22.678,54.13,1691285400000
1492,22.675,22.904,22.661,22.865,836.31,1691287200000
1493,22.870,22.888,22.816,22.831,384.23,1691289000000
1494,22.835,22.850,22.778,22.839,93.00,1691290800000
1495,22.838,22.868,22.817,22.838,89.70,1691292600000
1496,22.847,22.951,22.826,22.915,882.81,1691294400000
1497,22.914,22.943,22.911,22.927,47.47,1691296200000
1498,22.925,22.988,22.925,22.979,46.94,1691298000000
1499,22.972,23.049,22.918,23.043,448.04,1691299800000
1500,23.036,23.081,22.964,23.025,2001.33,1691301600000
1501,23.013,23.013,22.883,22.932,595.64,1691303400000
1502,22.925,22.984,22.917,22.958,9.55,1691305200000
1503,22.955,23.125,22.920,23.023,1212.12,1691307000000
1504,23.024,23.451,22.999,23.330,1190.31,1691308800000
1505,23.309,23.398,23.262,23.273,1363.50,1691310600000
1506,23.279,23.279,23.151,23.151,76.53,1691312400000
1507,23.147,23.213,23.106,23.155,157.01,1691314200000
1508,23.163,23.206,23.092,23.100,211.74,1691316000000
1509,23.104,23.117,23.032,23.097,206.65,1691317800000
1510,23.098,23.136,23.073,23.136,41.70,1691319600000
1511,23.123,23.275,23.121,23.212,1089.15,1691321400000
1512,23.219,23.262,23.139,23.149,152.43,1691323200000
1513,23.149,23.156,23.038,23.059,376.71,1691325000000
1514,23.042,23.072,22.926,22.961,475.17,1691326800000
1515,22.947,23.012,22.915,22.940,170.65,1691328600000
1516,22.927,23.053,22.858,23.033,131.94,1691330400000
1517,23.031,23.069,22.978,23.061,42.80,1691332200000
1518,23.053,23.077,23.027,23.033,284.87,1691334000000
1519,23.033,23.082,22.994,23.023,350.47,1691335800000
1520,23.032,23.061,22.937,23.050,164.23,1691337600000
1521,23.054,23.260,23.054,23.239,371.40,1691339400000
1522,23.248,23.253,23.138,23.162,66.32,1691341200000
1523,23.170,23.224,23.108,23.126,697.85,1691343000000
1524,23.129,23.224,23.129,23.189,1074.81,1691344800000
1525,23.189,23.249,23.157,23.192,179.37,1691346600000
1526,23.193,23.279,23.144,23.218,404.03,1691348400000
1527,23.224,23.267,23.197,23.213,79.29,1691350200000
1528,23.223,23.268,23.163,23.182,353.89,1691352000000
1529,23.185,23.301,23.147,23.279,189.42,1691353800000
1530,23.286,23.392,23.283,23.329,51.51,1691355600000
1531,23.322,23.324,23.090,23.120,16.49,1691357400000
1532,23.133,23.321,23.108,23.294,113.53,1691359200000
1533,23.294,23.396,23.250,23.251,164.73,1691361000000
1534,23.254,23.316,23.222,23.233,279.12,1691362800000
1535,23.230,23.230,23.188,23.205,19.29,1691364600000
1536,23.205,23.339,23.193,23.216,139.37,1691366400000
1537,23.227,23.227,23.037,23.109,237.00,1691368200000
1538,23.119,23.487,23.119,23.429,410.95,1691370000000
1539,23.437,23.666,23.364,23.455,558.04,1691371800000
1540,23.470,23.485,23.378,23.438,270.08,1691373600000
1541,23.431,23.472,23.399,23.448,76.40,1691375400000
1542,23.452,23.475,23.380,23.413,57.63,1691377200000
1543,23.408,23.408,23.300,23.302,132.23,1691379000000
1544,23.306,23.416,23.286,23.393,111.79,1691380800000
1545,23.399,23.399,23.310,23.348,127.14,1691382600000
1546,23.353,23.353,23.287,23.304,52.54,1691384400000
1547,23.313,23.330,23.280,23.284,164.83,1691386200000
1548,23.280,23.284,23.155,23.170,103.90,1691388000000
1549,23.164,23.187,22.993,23.033,438.96,1691389800000
1550,23.025,23.157,23.020,23.102,507.73,1691391600000
1551,23.106,23.158,23.089,23.157,117.54,1691393400000
1552,23.155,23.155,23.099,23.133,101.43,1691395200000
1553,23.128,23.128,23.047,23.057,155.39,1691397000000
1554,23.057,23.110,23.021,23.110,311.95,1691398800000
1555,23.121,23.156,23.053,23.053,216.87,1691400600000
1556,23.056,23.063,23.027,23.037,400.03,1691402400000
1557,23.028,23.135,23.028,23.134,160.53,1691404200000
1558,23.134,23.137,23.092,23.120,132.30,1691406000000
1559,23.118,23.121,23.076,23.095,175.36,1691407800000
1560,23.087,23.095,22.969,22.969,173.59,1691409600000
1561,22.969,23.170,22.969,23.078,283.02,1691411400000
1562,23.083,23.119,22.934,22.964,295.23,1691413200000
1563,22.974,23.014,22.824,22.836,555.79,1691415000000
1564,22.832,22.870,22.755,22.768,690.67,1691416800000
1565,22.775,22.872,22.734,22.846,522.59,1691418600000
1566,22.834,22.868,22.666,22.722,509.01,1691420400000
1567,22.733,22.818,22.684,22.778,375.42,1691422200000
1568,22.775,22.791,22.344,22.674,3595.37,1691424000000
1569,22.659,22.670,22.480,22.642,340.67,1691425800000
1570,22.636,22.861,22.632,22.745,676.22,1691427600000
1571,22.755,22.821,22.652,22.809,298.35,1691429400000
1572,22.807,23.066,22.784,22.963,344.00,1691431200000
1573,22.975,23.007,22.854,22.860,73.20,1691433000000
1574,22.863,22.863,22.790,22.802,442.80,1691434800000
1575,22.799,22.972,22.799,22.968,53.81,1691436600000
1576,22.983,23.000,22.928,22.971,420.45,1691438400000
1577,22.962,23.039,22.958,23.027,1315.61,1691440200000
1578,23.039,23.097,22.949,23.097,128.50,1691442000000
1579,23.097,23.121,22.983,23.044,138.30,1691443800000
1580,23.036,23.061,22.997,23.009,137.25,1691445600000
1581,23.011,23.066,22.990,23.029,2.29,1691447400000
1582,23.032,23.061,22.968,23.032,54.57,1691449200000
1583,23.040,23.129,23.014,23.126,259.56,1691451000000
1584,23.132,23.218,23.098,23.148,621.99,1691452800000
1585,23.163,23.214,23.098,23.214,223.61,1691454600000
1586,23.215,23.219,23.069,23.091,488.57,1691456400000
1587,23.084,23.111,23.038,23.045,74.16,1691458200000
1588,23.052,23.112,23.028,23.094,66.72,1691460000000
1589,23.100,23.140,23.070,23.075,125.67,1691461800000
1590,23.085,23.134,23.057,23.086,306.90,1691463600000
1591,23.087,23.157,23.087,23.157,86.01,1691465400000
1592,23.161,23.202,23.114,23.189,308.94,1691467200000
1593,23.189,23.277,23.170,23.224,352.77,1691469000000
1594,23.222,23.235,23.163,23.229,197.94,1691470800000
1595,23.228,23.314,23.199,23.263,125.06,1691472600000
1596,23.264,23.304,23.240,23.299,28.33,1691474400000
1597,23.306,23.384,23.284,23.287,196.38,1691476200000
1598,23.293,23.296,23.230,23.253,94.78,1691478000000
1599,23.241,23.301,23.186,23.234,768.81,1691479800000
1600,23.235,23.295,23.224,23.290,190.18,1691481600000
1601,23.290,23.303,23.199,23.199,155.84,1691483400000
1602,23.200,23.234,23.167,23.188,262.76,1691485200000
1603,23.197,23.222,23.170,23.200,102.62,1691487000000
1604,23.200,23.241,23.191,23.236,135.37,1691488800000
1605,23.247,23.348,23.247,23.342,292.22,1691490600000
1606,23.352,23.372,23.246,23.307,377.94,1691492400000
1607,23.308,23.373,23.272,23.372,158.24,1691494200000
1608,23.390,23.399,23.291,23.352,374.49,1691496000000
1609,23.364,23.566,23.315,23.552,854.69,1691497800000
1610,23.552,23.604,23.376,23.418,1554.32,1691499600000
1611,23.410,23.420,23.197,23.230,1015.22,1691501400000
1612,23.228,23.323,23.226,23.323,134.96,1691503200000
1613,23.308,23.424,23.303,23.345,391.44,1691505000000
1614,23.360,23.726,23.360,23.715,1151.82,1691506800000
1615,23.699,23.895,23.675,23.723,1611.42,1691508600000
1616,23.742,23.936,23.718,23.902,1329.45,1691510400000
1617,23.915,24.063,23.870,24.041,1601.71,1691512200000
1618,24.049,24.135,23.896,24.020,1362.73,1691514000000
1619,24.006,24.279,24.006,24.159,1662.11,1691515800000
1620,24.190,24.429,24.114,24.349,1243.98,1691517600000
1621,24.359,24.414,24.154,24.269,1566.54,1691519400000
1622,24.276,24.766,24.272,24.549,3167.45,1691521200000
1623,24.560,24.590,24.452,24.583,691.36,1691523000000
1624,24.600,24.651,24.462,24.634,1210.81,1691524800000
1625,24.654,24.654,24.475,24.486,557.37,1691526600000
1626,24.482,24.586,24.367,24.432,1446.49,1691528400000
1627,24.405,24.431,24.193,24.269,557.94,1691530200000
1628,24.296,24.325,24.174,24.204,1323.33,1691532000000
1629,24.204,24.214,24.056,24.106,1691.91,1691533800000
1630,24.109,24.236,24.109,24.221,1320.20,1691535600000
1631,24.224,24.243,24.158,24.218,558.66,1691537400000
1632,24.219,24.373,24.219,24.362,1015.61,1691539200000
1633,24.356,24.421,24.313,24.398,567.70,1691541000000
1634,24.368,24.447,24.300,24.430,453.20,1691542800000
1635,24.442,24.480,24.361,24.402,398.07,1691544600000
1636,24.405,24.433,24.200,24.220,306.20,1691546400000
1637,24.213,24.273,24.160,24.212,461.57,1691548200000
1638,24.213,24.305,24.193,24.300,343.30,1691550000000
1639,24.288,24.336,24.278,24.297,135.22,1691551800000
1640,24.307,24.429,24.270,24.421,112.61,1691553600000
1641,24.433,24.458,24.377,24.457,277.39,1691555400000
1642,24.460,24.535,24.436,24.535,458.81,1691557200000
1643,24.536,24.536,24.374,24.392,632.24,1691559000000
1644,24.395,24.458,24.339,24.347,500.80,1691560800000
1645,24.354,24.412,24.310,24.408,396.85,1691562600000
1646,24.408,24.532,24.403,24.492,320.57,1691564400000
1647,24.492,24.619,24.460,24.576,345.31,1691566200000
1648,24.573,24.641,24.558,24.607,312.70,1691568000000
1649,24.598,24.734,24.534,24.707,662.85,1691569800000
1650,24.703,24.734,24.586,24.605,738.07,1691571600000
1651,24.604,24.658,24.577,24.603,264.85,1691573400000
1652,24.592,24.692,24.573,24.614,318.70,1691575200000
1653,24.607,24.984,24.540,24.854,3303.11,1691577000000
1654,24.847,24.947,24.749,24.768,2210.87,1691578800000
1655,24.760,24.898,24.743,24.858,346.53,1691580600000
1656,24.840,24.971,24.721,24.736,614.44,1691582400000
1657,24.756,24.980,24.725,24.948,1304.83,1691584200000
1658,24.952,24.968,24.735,24.823,1036.79,1691586000000
1659,24.833,24.932,24.681,24.724,1250.62,1691587800000
1660,24.718,24.788,24.581,24.709,612.32,1691589600000
1661,24.712,24.793,24.459,24.464,1019.82,1691591400000
1662,24.459,24.654,24.440,24.622,611.73,1691593200000
1663,24.607,24.705,24.538,24.559,990.86,1691595000000
1664,24.563,24.594,24.496,24.547,214.42,1691596800000
1665,24.535,24.607,24.382,24.452,462.19,1691598600000
1666,24.445,24.549,24.405,24.414,160.33,1691600400000
1667,24.417,24.484,24.366,24.475,260.69,1691602200000
1668,24.476,24.569,24.398,24.563,402.20,1691604000000
1669,24.561,24.573,24.493,24.508,177.01,1691605800000
1670,24.512,24.553,24.425,24.448,321.06,1691607600000
1671,24.451,24.453,24.232,24.301,1104.40,1691609400000
1672,24.307,24.364,24.248,24.342,506.92,1691611200000
1673,24.346,24.384,24.317,24.357,173.00,1691613000000
1674,24.384,24.384,24.116,24.273,1253.53,1691614800000
1675,24.283,24.334,24.208,24.301,45.41,1691616600000
1676,24.312,24.341,24.271,24.333,100.10,1691618400000
1677,24.333,24.356,24.280,24.354,187.10,1691620200000
1678,24.346,24.445,24.316,24.441,265.85,1691622000000
1679,24.443,24.478,24.367,24.380,261.57,1691623800000
