,o,h,l,c,v,t
0,0.47751,0.47819,0.47679,0.47819,2218,1688601600000
1,0.47835,0.47836,0.47515,0.47549,7380,1688603400000
2,0.47549,0.47633,0.47371,0.47394,69824,1688605200000
3,0.47400,0.47631,0.47400,0.47611,5087,1688607000000
4,0.47612,0.47804,0.47612,0.47693,4861,1688608800000
5,0.47720,0.47810,0.47605,0.47670,2973,1688610600000
6,0.47684,0.47805,0.47667,0.47783,5794,1688612400000
7,0.47796,0.47900,0.47780,0.47817,1211,1688614200000
8,0.47817,0.47864,0.47742,0.47832,2918,1688616000000
9,0.47832,0.47877,0.47800,0.47801,90,1688617800000
10,0.47824,0.47825,0.47724,0.47797,6302,1688619600000
11,0.47801,0.48213,0.47759,0.48213,11183,1688621400000
12,0.48216,0.48238,0.47832,0.47894,14894,1688623200000
13,0.47908,0.47990,0.47803,0.47854,25982,1688625000000
14,0.47868,0.47922,0.47768,0.47845,29121,1688626800000
15,0.47854,0.47931,0.47805,0.47880,19616,1688628600000
16,0.47907,0.47972,0.47686,0.47770,184854,1688630400000
17,0.47779,0.48224,0.47779,0.48188,105943,1688632200000
18,0.48178,0.48350,0.48171,0.48317,163145,1688634000000
19,0.48334,0.48402,0.47953,0.47953,102771,1688635800000
20,0.47965,0.47996,0.47817,0.47968,34796,1688637600000
21,0.47956,0.47999,0.47904,0.47976,50151,1688639400000
22,0.48011,0.48058,0.47931,0.47957,27129,1688641200000
23,0.47957,0.47960,0.47387,0.47489,91511,1688643000000
24,0.47509,0.47563,0.47200,0.47435,101578,1688644800000
25,0.47408,0.47427,0.47047,0.47310,35592,1688646600000
26,0.47310,0.47446,0.47291,0.47347,60870,1688648400000
27,0.47348,0.47356,0.46927,0.46980,42280,1688650200000
28,0.46923,0.47123,0.46345,0.46381,139701,1688652000000
29,0.46371,0.46613,0.46105,0.46510,86954,1688653800000
30,0.46501,0.46763,0.46449,0.46763,49108,1688655600000
31,0.46747,0.46988,0.46717,0.46980,7739,1688657400000
32,0.46971,0.47003,0.46778,0.46817,78143,1688659200000
33,0.46831,0.46831,0.46522,0.46690,30021,1688661000000
34,0.46690,0.46735,0.46596,0.46614,12161,1688662800000
35,0.46618,0.46726,0.46586,0.46723,16822,1688664600000
36,0.46723,0.46863,0.46723,0.46839,17649,1688666400000
37,0.46830,0.46916,0.46706,0.46876,14290,1688668200000
38,0.46857,0.46994,0.46818,0.46937,1203,1688670000000
39,0.46938,0.46945,0.46678,0.46749,9321,1688671800000
40,0.46780,0.46993,0.46721,0.46929,457,1688673600000
41,0.46916,0.46929,0.46777,0.46845,15853,1688675400000
42,0.46845,0.46923,0.46663,0.46799,7505,1688677200000
43,0.46804,0.46819,0.46661,0.46819,3375,1688679000000
44,0.46820,0.46926,0.46757,0.46926,15063,1688680800000
45,0.46927,0.47029,0.46695,0.46785,40374,1688682600000
46,0.46786,0.46813,0.46446,0.46676,34974,1688684400000
47,0.46665,0.46672,0.46172,0.46189,32070,1688686200000
48,0.46215,0.46479,0.45739,0.46370,201012,1688688000000
49,0.46341,0.46576,0.46253,0.46518,16439,1688689800000
50,0.46530,0.46786,0.46529,0.46786,3438,1688691600000
51,0.46801,0.46874,0.46729,0.46746,7985,1688693400000
52,0.46741,0.46794,0.46681,0.46794,1907,1688695200000
53,0.46812,0.46915,0.46786,0.46896,12068,1688697000000
54,0.46923,0.46923,0.46819,0.46917,4338,1688698800000
55,0.46918,0.46947,0.46871,0.46891,3852,1688700600000
56,0.46886,0.46973,0.46863,0.46874,2231,1688702400000
57,0.46876,0.46955,0.46852,0.46905,3836,1688704200000
58,0.46891,0.47039,0.46740,0.46976,4626,1688706000000
59,0.46962,0.47064,0.46962,0.46977,399,1688707800000
60,0.46978,0.47029,0.46677,0.46702,31122,1688709600000
61,0.46687,0.46694,0.46564,0.46583,40979,1688711400000
62,0.46570,0.46633,0.46473,0.46496,14491,1688713200000
63,0.46495,0.46548,0.46195,0.46263,107513,1688715000000
64,0.46299,0.46513,0.46299,0.46500,5712,1688716800000
65,0.46504,0.46582,0.46444,0.46565,20503,1688718600000
66,0.46556,0.46633,0.46551,0.46578,6332,1688720400000
67,0.46619,0.46712,0.46450,0.46528,8690,1688722200000
68,0.46549,0.46573,0.46388,0.46471,37073,1688724000000
69,0.46489,0.46627,0.46464,0.46553,11491,1688725800000
70,0.46573,0.46676,0.46562,0.46676,10092,1688727600000
71,0.46676,0.46694,0.46603,0.46609,3076,1688729400000
72,0.46610,0.46704,0.46585,0.46634,10805,1688731200000
73,0.46662,0.46966,0.46453,0.46676,79496,1688733000000
74,0.46686,0.46791,0.46618,0.46777,16466,1688734800000
75,0.46772,0.46834,0.46693,0.46799,26836,1688736600000
76,0.46792,0.46828,0.46624,0.46701,1334,1688738400000
77,0.46690,0.46726,0.46607,0.46672,19464,1688740200000
78,0.46668,0.46687,0.46554,0.46615,2623,1688742000000
79,0.46608,0.46729,0.46578,0.46724,12198,1688743800000
80,0.46724,0.46803,0.46630,0.46641,12847,1688745600000
81,0.46636,0.46736,0.46603,0.46667,5693,1688747400000
82,0.46650,0.46696,0.46586,0.46657,14901,1688749200000
83,0.46643,0.46651,0.46519,0.46546,5007,1688751000000
84,0.46542,0.46659,0.46524,0.46594,35068,1688752800000
85,0.46595,0.46638,0.46427,0.46485,18512,1688754600000
86,0.46484,0.46696,0.46463,0.46696,1650,1688756400000
87,0.46708,0.46751,0.46581,0.46667,6289,1688758200000
88,0.46676,0.46696,0.46616,0.46696,15395,1688760000000
89,0.46697,0.46767,0.46693,0.46765,3785,1688761800000
90,0.46772,0.46824,0.46757,0.46824,8760,1688763600000
91,0.46821,0.46823,0.46685,0.46691,10374,1688765400000
92,0.46691,0.46776,0.46684,0.46720,2408,1688767200000
93,0.46726,0.46781,0.46694,0.46755,21892,1688769000000
94,0.46765,0.46844,0.46763,0.46800,14226,1688770800000
95,0.46800,0.46864,0.46799,0.46864,12052,1688772600000
96,0.46864,0.46869,0.46708,0.46733,1443,1688774400000
97,0.46734,0.46734,0.46635,0.46672,3621,1688776200000
98,0.46667,0.46803,0.46628,0.46800,20703,1688778000000
99,0.46801,0.46801,0.46661,0.46674,9096,1688779800000
100,0.46706,0.46818,0.46675,0.46808,19719,1688781600000
101,0.46813,0.46820,0.46750,0.46779,1284,1688783400000
102,0.46796,0.46797,0.46701,0.46706,2962,1688785200000
103,0.46692,0.46716,0.46656,0.46716,3047,1688787000000
104,0.46707,0.46717,0.46605,0.46659,19966,1688788800000
105,0.46656,0.46700,0.46652,0.46656,394,1688790600000
106,0.46657,0.46657,0.46497,0.46633,6499,1688792400000
107,0.46641,0.46723,0.46597,0.46720,10080,1688794200000
108,0.46719,0.46726,0.46561,0.46641,6665,1688796000000
109,0.46642,0.46706,0.46583,0.46695,19701,1688797800000
110,0.46669,0.46704,0.46652,0.46689,4925,1688799600000
111,0.46689,0.46763,0.46689,0.46694,4503,1688801400000
112,0.46700,0.46813,0.46665,0.46778,23204,1688803200000
113,0.46788,0.46855,0.46764,0.46783,9327,1688805000000
114,0.46782,0.46848,0.46766,0.46830,6894,1688806800000
115,0.46818,0.46849,0.46751,0.46822,6174,1688808600000
116,0.46823,0.46838,0.46778,0.46838,2606,1688810400000
117,0.46831,0.46831,0.46748,0.46773,1295,1688812200000
118,0.46775,0.46803,0.46600,0.46679,7589,1688814000000
119,0.46673,0.46756,0.46618,0.46745,19841,1688815800000
120,0.46750,0.46823,0.46680,0.46811,15699,1688817600000
121,0.46811,0.46820,0.46610,0.46610,8332,1688819400000
122,0.46608,0.46745,0.46608,0.46739,9915,1688821200000
123,0.46739,0.46800,0.46696,0.46761,5079,1688823000000
124,0.46761,0.46797,0.46705,0.46790,6221,1688824800000
125,0.46790,0.46821,0.46708,0.46753,15338,1688826600000
126,0.46765,0.46795,0.46689,0.46789,6609,1688828400000
127,0.46788,0.46988,0.46787,0.46913,13773,1688830200000
128,0.46930,0.47472,0.46930,0.47228,19037,1688832000000
129,0.47235,0.47235,0.47038,0.47075,37713,1688833800000
130,0.47062,0.47116,0.46970,0.47016,5493,1688835600000
131,0.47021,0.47136,0.47020,0.47033,8298,1688837400000
132,0.47039,0.47097,0.46953,0.47091,6983,1688839200000
133,0.47093,0.47187,0.47082,0.47142,2951,1688841000000
134,0.47142,0.47143,0.46733,0.46902,33026,1688842800000
135,0.46887,0.47183,0.46815,0.47016,14467,1688844600000
136,0.47016,0.47158,0.46925,0.46925,24570,1688846400000
137,0.46932,0.46952,0.46818,0.46939,9659,1688848200000
138,0.46939,0.46969,0.46858,0.46969,4986,1688850000000
139,0.47004,0.47032,0.46892,0.46930,9833,1688851800000
140,0.46948,0.46977,0.46859,0.46894,8691,1688853600000
141,0.46894,0.47028,0.46870,0.47014,1009,1688855400000
142,0.47015,0.47043,0.46967,0.47030,4002,1688857200000
143,0.47045,0.47071,0.46986,0.47055,32356,1688859000000
144,0.47066,0.47066,0.46961,0.47015,5713,1688860800000
145,0.47018,0.47095,0.47018,0.47066,12263,1688862600000
146,0.47072,0.47165,0.46976,0.47045,12837,1688864400000
147,0.47033,0.47153,0.47033,0.47135,15665,1688866200000
148,0.47135,0.47171,0.47040,0.47075,1603,1688868000000
149,0.47085,0.47106,0.47013,0.47067,6146,1688869800000
150,0.47072,0.47078,0.46967,0.47025,4004,1688871600000
151,0.47025,0.47091,0.47024,0.47060,14007,1688873400000
152,0.47049,0.47068,0.47027,0.47056,397,1688875200000
153,0.47054,0.47069,0.47025,0.47030,117,1688877000000
154,0.47031,0.47053,0.47004,0.47004,76,1688878800000
155,0.46997,0.47022,0.46917,0.46965,7218,1688880600000
156,0.46969,0.46969,0.46857,0.46911,9781,1688882400000
157,0.46906,0.46964,0.46868,0.46912,4241,1688884200000
158,0.46905,0.46969,0.46870,0.46940,797,1688886000000
159,0.46919,0.46952,0.46823,0.46941,12230,1688887800000
160,0.46941,0.47000,0.46886,0.46973,32774,1688889600000
161,0.46982,0.47037,0.46958,0.47026,5355,1688891400000
162,0.47027,0.47028,0.46935,0.46949,2967,1688893200000
163,0.46950,0.46952,0.46857,0.46928,501,1688895000000
164,0.46928,0.46959,0.46879,0.46896,4493,1688896800000
165,0.46893,0.46914,0.46829,0.46829,16063,1688898600000
166,0.46853,0.46910,0.46800,0.46894,9518,1688900400000
167,0.46901,0.46973,0.46888,0.46909,27187,1688902200000
168,0.46895,0.46979,0.46892,0.46962,2782,1688904000000
169,0.46963,0.47010,0.46950,0.46979,3067,1688905800000
170,0.46979,0.46999,0.46895,0.46917,3696,1688907600000
171,0.46917,0.46946,0.46858,0.46879,18034,1688909400000
172,0.46880,0.46880,0.46675,0.46827,19125,1688911200000
173,0.46830,0.47033,0.46812,0.46943,16863,1688913000000
174,0.46941,0.47078,0.46872,0.47058,6547,1688914800000
175,0.47062,0.47128,0.46969,0.46978,21524,1688916600000
176,0.46958,0.47108,0.46958,0.47024,3977,1688918400000
177,0.47018,0.47029,0.46869,0.46895,69342,1688920200000
178,0.46895,0.46960,0.46815,0.46950,16219,1688922000000
179,0.46949,0.47078,0.46908,0.47035,13837,1688923800000
180,0.47034,0.47043,0.46914,0.46955,3934,1688925600000
181,0.46961,0.46981,0.46921,0.46926,18321,1688927400000
182,0.46913,0.46935,0.46894,0.46935,5639,1688929200000
183,0.46935,0.46991,0.46935,0.46978,2496,1688931000000
184,0.46978,0.46992,0.46924,0.46927,5540,1688932800000
185,0.46928,0.47035,0.46817,0.47035,2549,1688934600000
186,0.47035,0.47048,0.46888,0.46916,4681,1688936400000
187,0.46927,0.47002,0.46715,0.46782,65243,1688938200000
188,0.46801,0.46883,0.46746,0.46881,31165,1688940000000
189,0.46881,0.46913,0.46856,0.46877,15616,1688941800000
190,0.46863,0.46894,0.46779,0.46807,3932,1688943600000
191,0.46798,0.46808,0.46766,0.46784,1963,1688945400000
192,0.46785,0.46851,0.46226,0.46621,76216,1688947200000
193,0.46652,0.46808,0.46513,0.46572,5431,1688949000000
194,0.46562,0.46584,0.46434,0.46512,45970,1688950800000
195,0.46505,0.46539,0.46399,0.46412,6224,1688952600000
196,0.46437,0.46709,0.46437,0.46709,2646,1688954400000
197,0.46734,0.46864,0.46711,0.46832,46165,1688956200000
198,0.46833,0.46897,0.46622,0.46622,10975,1688958000000
199,0.46608,0.46653,0.46548,0.46576,8201,1688959800000
200,0.46577,0.46660,0.46548,0.46634,1832,1688961600000
201,0.46637,0.46796,0.46637,0.46796,3136,1688963400000
202,0.46795,0.46817,0.46549,0.46619,70495,1688965200000
203,0.46646,0.46760,0.46634,0.46688,14778,1688967000000
204,0.46683,0.46826,0.46672,0.46788,71140,1688968800000
205,0.46768,0.46878,0.46756,0.46864,20940,1688970600000
206,0.46847,0.46871,0.46664,0.46689,28359,1688972400000
207,0.46686,0.46853,0.46672,0.46834,9202,1688974200000
208,0.46835,0.46937,0.46669,0.46888,17234,1688976000000
209,0.46868,0.46928,0.46650,0.46656,29365,1688977800000
210,0.46668,0.46906,0.46563,0.46877,26117,1688979600000
211,0.46874,0.46980,0.46827,0.46939,12478,1688981400000
212,0.46932,0.47082,0.46881,0.47082,42076,1688983200000
213,0.47082,0.47385,0.47072,0.47261,119443,1688985000000
214,0.47267,0.47380,0.47058,0.47063,146112,1688986800000
215,0.47052,0.47138,0.46980,0.47125,100848,1688988600000
216,0.47149,0.47273,0.47097,0.47215,41194,1688990400000
217,0.47215,0.47245,0.47046,0.47098,51238,1688992200000
218,0.47102,0.47199,0.47048,0.47178,8478,1688994000000
219,0.47176,0.47270,0.47059,0.47143,18893,1688995800000
220,0.47141,0.47271,0.47132,0.47195,13804,1688997600000
221,0.47210,0.47292,0.47175,0.47182,30012,1688999400000
222,0.47177,0.47206,0.47120,0.47199,16141,1689001200000
223,0.47202,0.47248,0.47185,0.47243,7891,1689003000000
224,0.47242,0.47279,0.47091,0.47096,22285,1689004800000
225,0.47104,0.47210,0.47055,0.47184,51287,1689006600000
226,0.47178,0.47251,0.47153,0.47249,30101,1689008400000
227,0.47244,0.47275,0.47185,0.47275,3957,1689010200000
228,0.47305,0.47381,0.47257,0.47373,6008,1689012000000
229,0.47361,0.47458,0.47315,0.47418,20934,1689013800000
230,0.47419,0.47887,0.47419,0.47806,185397,1689015600000
231,0.47844,0.47924,0.47765,0.47892,20786,1689017400000
232,0.47899,0.47991,0.47723,0.47846,16172,1689019200000
233,0.47863,0.47921,0.47769,0.47851,34988,1689021000000
234,0.47849,0.47851,0.47703,0.47821,18654,1689022800000
235,0.47824,0.47933,0.47486,0.47574,106791,1689024600000
236,0.47567,0.47621,0.47387,0.47599,63115,1689026400000
237,0.47588,0.47698,0.47557,0.47698,7270,1689028200000
238,0.47703,0.47775,0.47684,0.47739,11114,1689030000000
239,0.47721,0.47807,0.47605,0.47806,16164,1689031800000
240,0.47782,0.47848,0.47573,0.47644,124872,1689033600000
241,0.47604,0.47626,0.47440,0.47507,95707,1689035400000
242,0.47505,0.47607,0.47497,0.47563,28023,1689037200000
243,0.47557,0.47640,0.47541,0.47564,20528,1689039000000
244,0.47574,0.47620,0.47509,0.47616,72843,1689040800000
245,0.47600,0.47642,0.47449,0.47486,5598,1689042600000
246,0.47495,0.47516,0.47433,0.47500,5160,1689044400000
247,0.47507,0.47615,0.47507,0.47609,1179,1689046200000
248,0.47609,0.47654,0.47569,0.47633,7046,1689048000000
249,0.47633,0.47642,0.47525,0.47633,3689,1689049800000
250,0.47633,0.47647,0.47526,0.47605,30064,1689051600000
251,0.47610,0.47716,0.47603,0.47661,5170,1689053400000
252,0.47657,0.47735,0.47505,0.47543,23172,1689055200000
253,0.47553,0.47655,0.47475,0.47655,37325,1689057000000
254,0.47656,0.47732,0.47604,0.47693,9189,1689058800000
255,0.47683,0.47768,0.47597,0.47611,8396,1689060600000
256,0.47623,0.47740,0.47623,0.47672,8992,1689062400000
257,0.47642,0.47652,0.47468,0.47474,30535,1689064200000
258,0.47454,0.47464,0.47229,0.47297,25963,1689066000000
259,0.47314,0.47417,0.47187,0.47396,69437,1689067800000
260,0.47388,0.47441,0.47257,0.47275,30927,1689069600000
261,0.47272,0.47369,0.47225,0.47361,9553,1689071400000
262,0.47360,0.47414,0.47345,0.47360,4294,1689073200000
263,0.47355,0.47407,0.47302,0.47367,35288,1689075000000
264,0.47376,0.47387,0.47315,0.47358,13383,1689076800000
265,0.47373,0.47432,0.47358,0.47416,13306,1689078600000
266,0.47432,0.47435,0.47356,0.47359,574,1689080400000
267,0.47358,0.47416,0.47186,0.47274,31367,1689082200000
268,0.47268,0.47376,0.47217,0.47376,102,1689084000000
269,0.47385,0.47406,0.47325,0.47343,649,1689085800000
270,0.47353,0.47538,0.47338,0.47356,24664,1689087600000
271,0.47361,0.47387,0.47282,0.47384,30141,1689089400000
272,0.47398,0.47433,0.47243,0.47246,15558,1689091200000
273,0.47248,0.47371,0.47228,0.47346,17733,1689093000000
274,0.47349,0.47353,0.47231,0.47285,6441,1689094800000
275,0.47288,0.47296,0.47226,0.47229,21318,1689096600000
276,0.47249,0.47285,0.47217,0.47257,5933,1689098400000
277,0.47257,0.47273,0.47110,0.47270,39297,1689100200000
278,0.47273,0.47331,0.47199,0.47241,70621,1689102000000
279,0.47258,0.47363,0.47258,0.47351,11080,1689103800000
280,0.47360,0.47411,0.47340,0.47400,6467,1689105600000
281,0.47379,0.47488,0.47330,0.47469,30229,1689107400000
282,0.47484,0.47553,0.47441,0.47526,36759,1689109200000
283,0.47526,0.47626,0.47521,0.47580,17866,1689111000000
284,0.47592,0.47631,0.47540,0.47597,4507,1689112800000
285,0.47577,0.47613,0.47544,0.47597,5686,1689114600000
286,0.47598,0.47653,0.47582,0.47614,10596,1689116400000
287,0.47606,0.47643,0.47495,0.47522,2682,1689118200000
288,0.47507,0.47551,0.47455,0.47502,5230,1689120000000
289,0.47486,0.47548,0.47349,0.47349,7303,1689121800000
290,0.47349,0.47518,0.47346,0.47351,24111,1689123600000
291,0.47345,0.47468,0.47312,0.47440,41505,1689125400000
292,0.47459,0.47488,0.47398,0.47470,18430,1689127200000
293,0.47482,0.47586,0.47482,0.47550,7074,1689129000000
294,0.47559,0.47560,0.47408,0.47524,60384,1689130800000
295,0.47517,0.47550,0.47500,0.47535,4554,1689132600000
296,0.47529,0.47545,0.47463,0.47522,8645,1689134400000
297,0.47516,0.47535,0.47481,0.47504,3732,1689136200000
298,0.47504,0.47569,0.47471,0.47536,57230,1689138000000
299,0.47537,0.47645,0.47530,0.47621,14944,1689139800000
300,0.47627,0.47632,0.47377,0.47576,20566,1689141600000
301,0.47579,0.47624,0.47536,0.47548,24408,1689143400000
302,0.47565,0.47683,0.47551,0.47649,20787,1689145200000
303,0.47659,0.47725,0.47543,0.47546,33007,1689147000000
304,0.47542,0.47542,0.47394,0.47399,96890,1689148800000
305,0.47407,0.47458,0.47360,0.47365,19224,1689150600000
306,0.47362,0.47446,0.47322,0.47349,52109,1689152400000
307,0.47344,0.47432,0.47303,0.47416,12950,1689154200000
308,0.47397,0.47397,0.47224,0.47292,97552,1689156000000
309,0.47291,0.47306,0.47250,0.47254,34937,1689157800000
310,0.47252,0.47334,0.47238,0.47324,3854,1689159600000
311,0.47323,0.47401,0.47305,0.47378,30280,1689161400000
312,0.47386,0.47386,0.47252,0.47280,33453,1689163200000
313,0.47321,0.47604,0.47262,0.47340,123536,1689165000000
314,0.47344,0.47399,0.47283,0.47295,35495,1689166800000
315,0.47304,0.47332,0.46951,0.47286,64179,1689168600000
316,0.47294,0.47376,0.47271,0.47288,17400,1689170400000
317,0.47287,0.47389,0.47287,0.47320,9049,1689172200000
318,0.47323,0.47361,0.47138,0.47178,16778,1689174000000
319,0.47210,0.47233,0.47022,0.47086,81055,1689175800000
320,0.47074,0.47118,0.46833,0.46949,72550,1689177600000
321,0.46951,0.46951,0.46700,0.46862,201809,1689179400000
322,0.46859,0.46965,0.46802,0.46965,8115,1689181200000
323,0.46965,0.47069,0.46965,0.47053,21829,1689183000000
324,0.47051,0.47121,0.47051,0.47121,7087,1689184800000
325,0.47138,0.47200,0.47127,0.47188,10449,1689186600000
326,0.47160,0.47219,0.46856,0.47058,83722,1689188400000
327,0.47030,0.47030,0.46514,0.46835,178598,1689190200000
328,0.46832,0.46927,0.46786,0.46914,6158,1689192000000
329,0.46913,0.46960,0.46884,0.46896,10806,1689193800000
330,0.46901,0.47025,0.46873,0.47025,3403,1689195600000
331,0.47023,0.47025,0.46958,0.46998,7685,1689197400000
332,0.47007,0.47046,0.46993,0.47037,30845,1689199200000
333,0.47037,0.47104,0.47037,0.47103,1708,1689201000000
334,0.47096,0.47109,0.47039,0.47070,2495,1689202800000
335,0.47068,0.47140,0.47068,0.47108,5381,1689204600000
336,0.47099,0.47187,0.47093,0.47110,8077,1689206400000
337,0.47115,0.47161,0.47063,0.47096,2133,1689208200000
338,0.47095,0.47139,0.46996,0.47036,1585,1689210000000
339,0.47047,0.47120,0.46953,0.47104,5172,1689211800000
340,0.47109,0.47192,0.47102,0.47187,4750,1689213600000
341,0.47187,0.47265,0.47132,0.47144,15153,1689215400000
342,0.47160,0.47222,0.47087,0.47087,3743,1689217200000
343,0.47080,0.47230,0.47080,0.47199,4037,1689219000000
344,0.47198,0.47294,0.47148,0.47293,7082,1689220800000
345,0.47294,0.47318,0.47187,0.47210,6654,1689222600000
346,0.47206,0.47263,0.47189,0.47235,68,1689224400000
347,0.47235,0.47303,0.47231,0.47286,22634,1689226200000
348,0.47288,0.47311,0.47053,0.47090,18433,1689228000000
349,0.47137,0.47216,0.47052,0.47057,25194,1689229800000
350,0.47054,0.47172,0.47007,0.47154,172771,1689231600000
351,0.47160,0.47180,0.47118,0.47150,6717,1689233400000
352,0.47142,0.47262,0.47134,0.47136,23103,1689235200000
353,0.47134,0.47263,0.47051,0.47245,6678,1689237000000
354,0.47253,0.47285,0.47116,0.47128,30483,1689238800000
355,0.47135,0.47290,0.47135,0.47275,66633,1689240600000
356,0.47266,0.47283,0.47211,0.47259,75451,1689242400000
357,0.47251,0.47396,0.47251,0.47396,40643,1689244200000
358,0.47380,0.47391,0.47272,0.47360,10080,1689246000000
359,0.47360,0.47409,0.47316,0.47343,8492,1689247800000
360,0.47337,0.47393,0.47313,0.47337,16492,1689249600000
361,0.47310,0.47369,0.47257,0.47292,13058,1689251400000
362,0.47286,0.47312,0.47249,0.47292,8326,1689253200000
363,0.47278,0.47400,0.47276,0.47357,15512,1689255000000
364,0.47357,0.47361,0.47186,0.47296,61758,1689256800000
365,0.47293,0.47388,0.47288,0.47347,16439,1689258600000
366,0.47344,0.55412,0.47318,0.54419,5284777,1689260400000
367,0.54430,0.64362,0.53203,0.58966,12185962,1689262200000
368,0.59022,0.61546,0.58445,0.60845,3867130,1689264000000
369,0.60857,0.62051,0.58646,0.61226,2525732,1689265800000
370,0.61314,0.65091,0.61074,0.65000,3278656,1689267600000
371,0.65053,0.76083,0.64529,0.74855,5932216,1689269400000
372,0.74891,0.94779,0.74026,0.85621,3580599,1689271200000
373,0.85622,0.85852,0.74750,0.78823,6782777,1689273000000
374,0.78675,0.82259,0.77993,0.79956,1292964,1689274800000
375,0.80000,0.87836,0.78611,0.82192,1504889,1689276600000
376,0.82000,0.83168,0.79800,0.81796,748901,1689278400000
377,0.81615,0.83195,0.80672,0.81280,598746,1689280200000
378,0.81247,0.81783,0.77075,0.78036,1076566,1689282000000
379,0.77932,0.80623,0.77821,0.79299,437365,1689283800000
380,0.79288,0.82303,0.78888,0.80939,444967,1689285600000
381,0.81005,0.81638,0.80326,0.81022,376206,1689287400000
382,0.80967,0.82114,0.80792,0.80994,136462,1689289200000
383,0.81031,0.82401,0.80743,0.81548,89585,1689291000000
384,0.81493,0.82558,0.78654,0.79734,300826,1689292800000
385,0.79742,0.80450,0.77067,0.78324,239841,1689294600000
386,0.78436,0.78436,0.72325,0.74470,686232,1689296400000
387,0.74620,0.76377,0.74489,0.75694,776632,1689298200000
388,0.75755,0.76557,0.74414,0.76228,387722,1689300000000
389,0.76287,0.77194,0.75884,0.76959,283358,1689301800000
390,0.76893,0.77417,0.76401,0.76705,261851,1689303600000
391,0.76751,0.78466,0.76667,0.78313,328468,1689305400000
392,0.78393,0.81997,0.78129,0.81823,309292,1689307200000
393,0.81792,0.81817,0.78353,0.79096,378657,1689309000000
394,0.79035,0.79398,0.77161,0.78828,321682,1689310800000
395,0.78764,0.79632,0.78455,0.79036,237548,1689312600000
396,0.78946,0.79514,0.78707,0.78998,365328,1689314400000
397,0.78951,0.79989,0.78545,0.78754,322362,1689316200000
398,0.78730,0.79136,0.76500,0.77326,360914,1689318000000
399,0.77225,0.77435,0.76445,0.76965,235644,1689319800000
400,0.77088,0.78620,0.76943,0.78248,170426,1689321600000
401,0.78196,0.78690,0.77826,0.78605,100974,1689323400000
402,0.78499,0.78608,0.77295,0.77502,179851,1689325200000
403,0.77510,0.78161,0.76794,0.77803,209485,1689327000000
404,0.77777,0.79547,0.77451,0.79378,425473,1689328800000
405,0.79491,0.80079,0.78551,0.79201,268465,1689330600000
406,0.79128,0.80702,0.78586,0.80533,327585,1689332400000
407,0.80554,0.80554,0.79000,0.79881,222309,1689334200000
408,0.79774,0.79985,0.78628,0.79132,258406,1689336000000
409,0.79003,0.79003,0.76590,0.77177,309017,1689337800000
410,0.77176,0.77810,0.76609,0.77721,230676,1689339600000
411,0.77665,0.78316,0.76909,0.77842,138047,1689341400000
412,0.77809,0.77809,0.76899,0.77303,158105,1689343200000
413,0.77232,0.78337,0.77105,0.78076,195159,1689345000000
414,0.78059,0.78592,0.77510,0.78173,123021,1689346800000
415,0.78093,0.78166,0.77333,0.77776,155018,1689348600000
416,0.77769,0.78214,0.73370,0.74560,540606,1689350400000
417,0.74453,0.75464,0.73513,0.74939,452517,1689352200000
418,0.74881,0.74905,0.71428,0.73041,714129,1689354000000
419,0.73053,0.73586,0.70176,0.70798,491442,1689355800000
420,0.70827,0.71690,0.68570,0.68852,739036,1689357600000
421,0.68904,0.69502,0.66756,0.68388,943355,1689359400000
422,0.68395,0.70480,0.67732,0.69797,410362,1689361200000
423,0.69791,0.70223,0.69203,0.69941,240653,1689363000000
424,0.69943,0.70351,0.68632,0.69019,245357,1689364800000
425,0.69095,0.71876,0.68586,0.71143,297995,1689366600000
426,0.71087,0.72559,0.71032,0.72298,155251,1689368400000
427,0.72462,0.72505,0.71365,0.72079,76322,1689370200000
428,0.72127,0.72137,0.71309,0.71492,137347,1689372000000
429,0.71552,0.72168,0.71409,0.71841,343927,1689373800000
430,0.71916,0.72578,0.71571,0.72467,143640,1689375600000
431,0.72488,0.72501,0.71658,0.71818,126281,1689377400000
432,0.71796,0.72287,0.69986,0.70926,332375,1689379200000
433,0.71073,0.71085,0.69566,0.70427,197471,1689381000000
434,0.70471,0.70487,0.69236,0.70066,154169,1689382800000
435,0.70121,0.72158,0.70070,0.71464,262802,1689384600000
436,0.71502,0.71642,0.70126,0.70396,420628,1689386400000
437,0.70457,0.71253,0.70226,0.70797,194357,1689388200000
438,0.70876,0.73571,0.70666,0.72416,532767,1689390000000
439,0.72373,0.73023,0.71618,0.72138,203526,1689391800000
440,0.72096,0.73093,0.71994,0.73082,125625,1689393600000
441,0.73066,0.73344,0.72021,0.72294,107230,1689395400000
442,0.72245,0.72464,0.71366,0.71748,69518,1689397200000
443,0.71712,0.72212,0.71386,0.71918,152898,1689399000000
444,0.71857,0.73096,0.71423,0.72739,230308,1689400800000
445,0.72811,0.72904,0.72200,0.72419,206482,1689402600000
446,0.72431,0.72856,0.72077,0.72335,168755,1689404400000
447,0.72318,0.72820,0.72137,0.72482,75342,1689406200000
448,0.72490,0.72544,0.71058,0.71889,209802,1689408000000
449,0.71880,0.72544,0.71604,0.72171,180729,1689409800000
450,0.72140,0.72242,0.71596,0.71863,67715,1689411600000
451,0.71878,0.72061,0.71557,0.71974,38466,1689413400000
452,0.71919,0.72890,0.71917,0.72655,91769,1689415200000
453,0.72683,0.72735,0.72055,0.72241,31645,1689417000000
454,0.72167,0.72637,0.71697,0.71838,162349,1689418800000
455,0.71876,0.72282,0.71784,0.71792,47935,1689420600000
456,0.71807,0.72775,0.71807,0.72668,168541,1689422400000
457,0.72665,0.73386,0.72166,0.72497,264264,1689424200000
458,0.72377,0.72673,0.72038,0.72546,108044,1689426000000
459,0.72544,0.72631,0.71786,0.72472,86000,1689427800000
460,0.72472,0.72623,0.71928,0.72222,105025,1689429600000
461,0.72229,0.72492,0.72014,0.72225,55713,1689431400000
462,0.72225,0.72440,0.71793,0.72196,114791,1689433200000
463,0.72176,0.72479,0.72056,0.72367,65590,1689435000000
464,0.72355,0.72409,0.71824,0.72072,92850,1689436800000
465,0.72086,0.72235,0.70054,0.70638,298891,1689438600000
466,0.70680,0.71045,0.70448,0.70773,117024,1689440400000
467,0.70862,0.71469,0.70637,0.71334,125476,1689442200000
468,0.71330,0.71831,0.71078,0.71413,81866,1689444000000
469,0.71441,0.73173,0.71357,0.72529,301976,1689445800000
470,0.72549,0.73008,0.72247,0.72403,84207,1689447600000
471,0.72476,0.72610,0.72183,0.72379,53211,1689449400000
472,0.72329,0.72354,0.71756,0.71921,155151,1689451200000
473,0.71955,0.72033,0.71598,0.71720,129790,1689453000000
474,0.71686,0.71751,0.70691,0.71406,151148,1689454800000
475,0.71397,0.71831,0.71363,0.71701,129631,1689456600000
476,0.71715,0.71882,0.71415,0.71746,42839,1689458400000
477,0.71757,0.71820,0.71180,0.71408,52106,1689460200000
478,0.71355,0.71398,0.70940,0.71293,59227,1689462000000
479,0.71293,0.71460,0.71073,0.71441,53561,1689463800000
480,0.71482,0.72155,0.71223,0.71595,85336,1689465600000
481,0.71585,0.72335,0.71347,0.72074,43254,1689467400000
482,0.72085,0.72690,0.72047,0.72334,80130,1689469200000
483,0.72365,0.72365,0.71739,0.71945,103076,1689471000000
484,0.71944,0.72282,0.70140,0.71095,186456,1689472800000
485,0.71095,0.72441,0.71063,0.72054,77402,1689474600000
486,0.72033,0.72117,0.71337,0.71515,100913,1689476400000
487,0.71575,0.71757,0.71098,0.71218,183904,1689478200000
488,0.71213,0.71331,0.70706,0.71030,42586,1689480000000
489,0.71025,0.71314,0.70795,0.71219,30819,1689481800000
490,0.71227,0.71581,0.71124,0.71260,80230,1689483600000
491,0.71230,0.71416,0.71083,0.71416,21698,1689485400000
492,0.71400,0.71749,0.71168,0.71666,27631,1689487200000
493,0.71674,0.71908,0.71540,0.71550,34655,1689489000000
494,0.71568,0.71760,0.71459,0.71649,116401,1689490800000
495,0.71665,0.71758,0.71480,0.71498,106533,1689492600000
496,0.71552,0.71932,0.71421,0.71882,10326,1689494400000
497,0.71887,0.71898,0.71678,0.71815,12574,1689496200000
498,0.71810,0.72305,0.71658,0.72129,19953,1689498000000
499,0.72140,0.72140,0.71872,0.72087,11555,1689499800000
500,0.72099,0.76246,0.72003,0.74610,384532,1689501600000
501,0.74658,0.74875,0.73041,0.73893,192869,1689503400000
502,0.73913,0.74850,0.73403,0.74382,300891,1689505200000
503,0.74388,0.75480,0.74223,0.74962,115173,1689507000000
504,0.74929,0.75585,0.74252,0.74571,119008,1689508800000
505,0.74484,0.75084,0.74434,0.74859,99520,1689510600000
506,0.74849,0.75034,0.74288,0.74370,72822,1689512400000
507,0.74385,0.74893,0.74247,0.74680,51308,1689514200000
508,0.74649,0.77824,0.74649,0.76811,301431,1689516000000
509,0.76827,0.77430,0.76229,0.76869,292756,1689517800000
510,0.76918,0.77480,0.76512,0.77340,260758,1689519600000
511,0.77280,0.77939,0.76700,0.77164,292048,1689521400000
512,0.77160,0.77361,0.76170,0.77100,146969,1689523200000
513,0.77147,0.77172,0.76365,0.76520,243280,1689525000000
514,0.76540,0.77145,0.76322,0.77006,111165,1689526800000
515,0.77099,0.77803,0.76757,0.77350,164807,1689528600000
516,0.77444,0.79054,0.77194,0.77476,384160,1689530400000
517,0.77511,0.77748,0.76404,0.76938,180258,1689532200000
518,0.76875,0.77154,0.76390,0.76770,80977,1689534000000
519,0.76704,0.76866,0.73571,0.74237,401444,1689535800000
520,0.74313,0.74783,0.73803,0.74445,87456,1689537600000
521,0.74466,0.74663,0.74146,0.74311,134444,1689539400000
522,0.74278,0.75805,0.74190,0.75690,113258,1689541200000
523,0.75693,0.75940,0.75273,0.75700,62303,1689543000000
524,0.75672,0.76124,0.75509,0.75656,103923,1689544800000
525,0.75600,0.75995,0.75395,0.75405,193390,1689546600000
526,0.75475,0.75674,0.74385,0.74521,137557,1689548400000
527,0.74521,0.74943,0.74200,0.74716,65929,1689550200000
528,0.74687,0.75195,0.74159,0.75053,98995,1689552000000
529,0.75021,0.75170,0.74537,0.74667,64705,1689553800000
530,0.74597,0.75387,0.74554,0.75200,84091,1689555600000
531,0.75200,0.75873,0.74998,0.75529,97579,1689557400000
532,0.75539,0.75972,0.75539,0.75720,140223,1689559200000
533,0.75720,0.75720,0.75117,0.75273,66741,1689561000000
534,0.75340,0.75712,0.75155,0.75478,60493,1689562800000
535,0.75469,0.75851,0.75430,0.75747,209096,1689564600000
536,0.75729,0.75739,0.75205,0.75205,224455,1689566400000
537,0.75190,0.75317,0.74444,0.74958,158235,1689568200000
538,0.74976,0.75308,0.74858,0.74988,39203,1689570000000
539,0.74992,0.75209,0.74483,0.74669,45174,1689571800000
540,0.74654,0.74928,0.74585,0.74825,83371,1689573600000
541,0.74822,0.75000,0.74554,0.74823,135662,1689575400000
542,0.74801,0.75480,0.74782,0.75274,63476,1689577200000
543,0.75216,0.75261,0.74730,0.74941,67659,1689579000000
544,0.74953,0.74954,0.74244,0.74895,122294,1689580800000
545,0.74842,0.75016,0.74480,0.74512,81468,1689582600000
546,0.74522,0.74724,0.73546,0.74128,160631,1689584400000
547,0.74076,0.74213,0.72789,0.73272,219052,1689586200000
548,0.73186,0.73716,0.72000,0.73261,169845,1689588000000
549,0.73215,0.74437,0.72935,0.74032,62705,1689589800000
550,0.73946,0.74337,0.73925,0.74106,65399,1689591600000
551,0.74066,0.74066,0.73406,0.73545,88379,1689593400000
552,0.73569,0.73640,0.73024,0.73131,71789,1689595200000
553,0.73102,0.73989,0.72716,0.73952,64230,1689597000000
554,0.73933,0.74198,0.73588,0.73985,44467,1689598800000
555,0.74018,0.74463,0.73764,0.74248,47019,1689600600000
556,0.74286,0.74410,0.73885,0.73905,30702,1689602400000
557,0.73930,0.74360,0.73823,0.74250,28813,1689604200000
558,0.74307,0.74376,0.73676,0.73738,105586,1689606000000
559,0.73740,0.73994,0.73456,0.73867,43645,1689607800000
560,0.73890,0.76554,0.73793,0.74884,153863,1689609600000
561,0.74994,0.75003,0.72171,0.73146,302802,1689611400000
562,0.73216,0.73321,0.71322,0.72995,312335,1689613200000
563,0.72871,0.73169,0.72366,0.72649,39586,1689615000000
564,0.72596,0.72966,0.72512,0.72826,51815,1689616800000
565,0.72848,0.72916,0.71773,0.72651,145550,1689618600000
566,0.72633,0.73431,0.72357,0.73431,80722,1689620400000
567,0.73453,0.73603,0.73165,0.73458,48814,1689622200000
568,0.73414,0.73876,0.73265,0.73454,66484,1689624000000
569,0.73421,0.73547,0.73137,0.73484,13316,1689625800000
570,0.73454,0.73965,0.73454,0.73913,37249,1689627600000
571,0.73891,0.74615,0.73682,0.74396,73413,1689629400000
572,0.74458,0.74458,0.73915,0.74123,34541,1689631200000
573,0.74090,0.74205,0.73628,0.73758,46245,1689633000000
574,0.73734,0.74037,0.73684,0.73860,43253,1689634800000
575,0.73875,0.74006,0.73751,0.73751,13670,1689636600000
576,0.73715,0.73953,0.73493,0.73953,40286,1689638400000
577,0.73975,0.74112,0.73701,0.73922,22383,1689640200000
578,0.73870,0.73900,0.73481,0.73638,49731,1689642000000
579,0.73625,0.73982,0.73560,0.73914,16205,1689643800000
580,0.73967,0.74045,0.73730,0.73946,31323,1689645600000
581,0.73936,0.73991,0.73690,0.73869,22172,1689647400000
582,0.73924,0.74805,0.73914,0.74106,31313,1689649200000
583,0.74128,0.74214,0.73658,0.73837,27380,1689651000000
584,0.73882,0.74079,0.73729,0.74010,12732,1689652800000
585,0.74010,0.74351,0.73938,0.74052,16813,1689654600000
586,0.74048,0.74561,0.74020,0.74524,97891,1689656400000
587,0.74591,0.74806,0.74116,0.74366,44036,1689658200000
588,0.74397,0.75406,0.74367,0.74848,134476,1689660000000
589,0.74871,0.74875,0.73092,0.73918,198421,1689661800000
590,0.73931,0.74358,0.73653,0.74005,72474,1689663600000
591,0.74047,0.74278,0.73811,0.74145,10284,1689665400000
592,0.74148,0.75028,0.73692,0.74702,161344,1689667200000
593,0.74736,0.74926,0.74281,0.74464,31206,1689669000000
594,0.74469,0.74767,0.74277,0.74521,113732,1689670800000
595,0.74465,0.74525,0.73851,0.74134,118361,1689672600000
596,0.74076,0.74336,0.73871,0.74289,110973,1689674400000
597,0.74292,0.76050,0.74213,0.75105,144221,1689676200000
598,0.75157,0.76357,0.75156,0.76104,163438,1689678000000
599,0.76065,0.76370,0.74349,0.74839,68059,1689679800000
600,0.74826,0.75142,0.74356,0.74941,49410,1689681600000
601,0.74897,0.77033,0.74638,0.76069,283560,1689683400000
602,0.76014,0.76109,0.75270,0.75568,132260,1689685200000
603,0.75584,0.76894,0.75546,0.76202,86692,1689687000000
604,0.76196,0.76539,0.75645,0.75941,267089,1689688800000
605,0.75961,0.76175,0.75434,0.75850,67006,1689690600000
606,0.75873,0.75873,0.75107,0.75298,111426,1689692400000
607,0.75298,0.75942,0.75205,0.75784,65563,1689694200000
608,0.75816,0.75891,0.75349,0.75465,23128,1689696000000
609,0.75446,0.75839,0.74306,0.74925,131314,1689697800000
610,0.74889,0.75535,0.74852,0.75165,33345,1689699600000
611,0.75190,0.75562,0.74613,0.75514,69169,1689701400000
612,0.75512,0.76606,0.75406,0.76369,96837,1689703200000
613,0.76406,0.76873,0.76049,0.76625,157181,1689705000000
614,0.76675,0.77163,0.75901,0.75954,190128,1689706800000
615,0.75985,0.76344,0.75945,0.76205,38026,1689708600000
616,0.76284,0.76682,0.76069,0.76157,149967,1689710400000
617,0.76167,0.76582,0.75474,0.76324,302808,1689712200000
618,0.76337,0.76674,0.76188,0.76502,107264,1689714000000
619,0.76460,0.76866,0.76393,0.76809,51791,1689715800000
620,0.76822,0.77067,0.76352,0.76571,47805,1689717600000
621,0.76560,0.77004,0.76560,0.76934,76440,1689719400000
622,0.76925,0.77528,0.76593,0.77418,112295,1689721200000
623,0.77402,0.78473,0.77320,0.77841,148643,1689723000000
624,0.77838,0.77966,0.77203,0.77682,117000,1689724800000
625,0.77686,0.78896,0.77668,0.78554,80456,1689726600000
626,0.78565,0.78764,0.77867,0.78021,88166,1689728400000
627,0.78013,0.78532,0.77887,0.78199,117434,1689730200000
628,0.78179,0.79409,0.78167,0.78539,192309,1689732000000
629,0.78565,0.80036,0.78565,0.79927,270664,1689733800000
630,0.79938,0.81814,0.79938,0.81592,530645,1689735600000
631,0.81572,0.81617,0.79626,0.79821,413545,1689737400000
632,0.79816,0.79975,0.78750,0.79469,314582,1689739200000
633,0.79412,0.79619,0.78942,0.79566,50345,1689741000000
634,0.79536,0.80136,0.79269,0.79926,250697,1689742800000
635,0.79973,0.80400,0.79719,0.80060,114927,1689744600000
636,0.80000,0.80060,0.79030,0.79195,142469,1689746400000
637,0.79265,0.79405,0.78001,0.78697,172744,1689748200000
638,0.78717,0.79104,0.78362,0.79052,73315,1689750000000
639,0.79084,0.79147,0.78423,0.78930,70455,1689751800000
640,0.78945,0.79005,0.78129,0.78532,75698,1689753600000
641,0.78565,0.78710,0.77001,0.77530,318832,1689755400000
642,0.77493,0.78239,0.77216,0.78113,65820,1689757200000
643,0.78178,0.78895,0.77897,0.78710,142001,1689759000000
644,0.78676,0.79500,0.78606,0.79107,116026,1689760800000
645,0.79119,0.79801,0.78900,0.79174,94456,1689762600000
646,0.79130,0.79243,0.78828,0.79159,94385,1689764400000
647,0.79149,0.79626,0.79104,0.79535,49313,1689766200000
648,0.79615,0.79811,0.79121,0.79399,74783,1689768000000
649,0.79417,0.80376,0.79244,0.79978,216223,1689769800000
650,0.79999,0.80131,0.79149,0.80017,127330,1689771600000
651,0.80018,0.81229,0.80018,0.80493,185062,1689773400000
652,0.80491,0.80648,0.79608,0.79757,121076,1689775200000
653,0.79820,0.80336,0.79392,0.79932,134174,1689777000000
654,0.79899,0.80408,0.79573,0.80190,118557,1689778800000
655,0.80183,0.80302,0.79831,0.80037,50239,1689780600000
656,0.80037,0.80188,0.79470,0.79936,97347,1689782400000
657,0.79954,0.80403,0.79954,0.80239,56091,1689784200000
658,0.80147,0.81056,0.79934,0.80754,119288,1689786000000
659,0.80790,0.82739,0.80613,0.81458,392508,1689787800000
660,0.81442,0.84768,0.81441,0.84023,303239,1689789600000
661,0.84108,0.84132,0.82286,0.83311,288052,1689791400000
662,0.83247,0.84367,0.82713,0.83874,138800,1689793200000
663,0.83914,0.85410,0.83152,0.83524,187607,1689795000000
664,0.83530,0.83543,0.82325,0.82664,291531,1689796800000
665,0.82647,0.83768,0.82543,0.82855,151881,1689798600000
666,0.82830,0.83007,0.82120,0.83007,188074,1689800400000
667,0.83015,0.83515,0.82879,0.83321,76355,1689802200000
668,0.83321,0.83529,0.82539,0.82675,128830,1689804000000
669,0.82707,0.82707,0.81217,0.81763,514104,1689805800000
670,0.81685,0.82277,0.81466,0.82184,174554,1689807600000
671,0.82203,0.82511,0.81920,0.82017,43166,1689809400000
672,0.82011,0.82844,0.81642,0.82446,109804,1689811200000
673,0.82476,0.83218,0.82172,0.83147,110678,1689813000000
674,0.83175,0.83296,0.82697,0.83170,56408,1689814800000
675,0.83211,0.83592,0.82992,0.83188,116512,1689816600000
676,0.83242,0.84575,0.83242,0.84453,165512,1689818400000
677,0.84393,0.84925,0.83722,0.84389,224873,1689820200000
678,0.84409,0.84505,0.82899,0.83198,258315,1689822000000
679,0.83223,0.83711,0.82921,0.83286,108744,1689823800000
680,0.83286,0.83646,0.82499,0.82673,83577,1689825600000
681,0.82663,0.83160,0.82470,0.82776,62943,1689827400000
682,0.82820,0.83843,0.82820,0.83789,85953,1689829200000
683,0.83799,0.84319,0.83608,0.84101,113466,1689831000000
684,0.84122,0.84237,0.82910,0.83332,182436,1689832800000
685,0.83343,0.83343,0.81800,0.82232,269622,1689834600000
686,0.82225,0.82414,0.81652,0.82218,85826,1689836400000
687,0.82177,0.82220,0.81407,0.81746,76848,1689838200000
688,0.81768,0.82219,0.81652,0.82203,64874,1689840000000
689,0.82203,0.82485,0.81747,0.81747,44794,1689841800000
690,0.81782,0.81847,0.80200,0.80722,414774,1689843600000
691,0.80719,0.81260,0.80641,0.80792,102651,1689845400000
692,0.80843,0.81009,0.80554,0.80932,31262,1689847200000
693,0.80946,0.81749,0.80616,0.80953,84430,1689849000000
694,0.81042,0.81664,0.80859,0.81647,60575,1689850800000
695,0.81642,0.81702,0.80809,0.80809,56886,1689852600000
696,0.80849,0.81465,0.80491,0.81433,72894,1689854400000
697,0.81436,0.81730,0.81168,0.81177,92839,1689856200000
698,0.81215,0.81327,0.80525,0.81100,103949,1689858000000
699,0.81053,0.81201,0.80281,0.80792,99770,1689859800000
700,0.80753,0.80865,0.79800,0.80400,213455,1689861600000
701,0.80343,0.80438,0.77920,0.79020,486415,1689863400000
702,0.78866,0.79337,0.78703,0.79254,146874,1689865200000
703,0.79254,0.79254,0.78644,0.78766,106276,1689867000000
704,0.78742,0.79310,0.78548,0.78991,58816,1689868800000
705,0.79031,0.79657,0.78963,0.79402,98617,1689870600000
706,0.79415,0.79595,0.78966,0.79104,59123,1689872400000
707,0.79093,0.79436,0.79040,0.79206,27944,1689874200000
708,0.79154,0.79283,0.78669,0.78669,112168,1689876000000
709,0.78723,0.79251,0.78621,0.78964,66367,1689877800000
710,0.78942,0.79461,0.78904,0.79339,57712,1689879600000
711,0.79350,0.79433,0.78990,0.79284,49009,1689881400000
712,0.79315,0.79315,0.77833,0.78115,152101,1689883200000
713,0.78193,0.78203,0.77200,0.77764,226236,1689885000000
714,0.77802,0.79196,0.77593,0.78963,245847,1689886800000
715,0.79034,0.80355,0.78962,0.80100,234957,1689888600000
716,0.80082,0.80121,0.79688,0.79840,23136,1689890400000
717,0.79841,0.80097,0.79675,0.80047,42148,1689892200000
718,0.80026,0.80052,0.79334,0.79529,118765,1689894000000
719,0.79514,0.79537,0.79231,0.79403,11804,1689895800000
720,0.79369,0.79538,0.78759,0.78785,69475,1689897600000
721,0.78804,0.79293,0.78477,0.78998,48846,1689899400000
722,0.78998,0.79531,0.78896,0.79475,139851,1689901200000
723,0.79470,0.79470,0.78970,0.79206,151898,1689903000000
724,0.79247,0.79872,0.79009,0.79760,88785,1689904800000
725,0.79784,0.79878,0.79581,0.79741,30139,1689906600000
726,0.79748,0.79752,0.79434,0.79501,34813,1689908400000
727,0.79532,0.79532,0.79215,0.79326,70969,1689910200000
728,0.79355,0.79490,0.78974,0.79181,21788,1689912000000
729,0.79181,0.79347,0.79101,0.79289,10895,1689913800000
730,0.79254,0.79273,0.78834,0.78942,14910,1689915600000
731,0.78935,0.79060,0.78640,0.78738,19329,1689917400000
732,0.78741,0.79129,0.78305,0.79035,39671,1689919200000
733,0.79017,0.79049,0.78558,0.78558,25981,1689921000000
734,0.78584,0.78590,0.77967,0.78040,21452,1689922800000
735,0.78016,0.78016,0.77398,0.77868,89761,1689924600000
736,0.77890,0.78186,0.77745,0.77817,142611,1689926400000
737,0.77799,0.77807,0.77367,0.77634,41178,1689928200000
738,0.77667,0.78125,0.77274,0.77746,60818,1689930000000
739,0.77784,0.77790,0.76155,0.76417,205588,1689931800000
740,0.76417,0.77120,0.76093,0.76857,53490,1689933600000
741,0.76871,0.77184,0.76669,0.76758,65030,1689935400000
742,0.76767,0.77376,0.76767,0.77023,157638,1689937200000
743,0.77016,0.77500,0.77016,0.77408,51187,1689939000000
744,0.77429,0.77695,0.77331,0.77623,42834,1689940800000
745,0.77643,0.78035,0.77522,0.77696,54493,1689942600000
746,0.77674,0.77872,0.77369,0.77400,90934,1689944400000
747,0.77436,0.77649,0.77310,0.77383,67269,1689946200000
748,0.77340,0.77729,0.77220,0.77433,75918,1689948000000
749,0.77432,0.77875,0.77295,0.77875,97340,1689949800000
750,0.77842,0.77977,0.77489,0.77489,76101,1689951600000
751,0.77482,0.77657,0.77413,0.77545,96733,1689953400000
752,0.77551,0.77613,0.77048,0.77535,158452,1689955200000
753,0.77517,0.77883,0.77405,0.77783,71214,1689957000000
754,0.77781,0.78832,0.77711,0.78388,266410,1689958800000
755,0.78337,0.79120,0.78212,0.78946,92204,1689960600000
756,0.78984,0.79345,0.78864,0.79097,44552,1689962400000
757,0.79136,0.79339,0.78454,0.78582,51393,1689964200000
758,0.78575,0.78628,0.77646,0.78244,100113,1689966000000
759,0.78282,0.78702,0.78144,0.78403,79402,1689967800000
760,0.78399,0.78399,0.78014,0.78340,48484,1689969600000
761,0.78340,0.78383,0.78121,0.78223,50915,1689971400000
762,0.78245,0.78398,0.77385,0.77733,89089,1689973200000
763,0.77733,0.77733,0.76575,0.77381,72544,1689975000000
764,0.77404,0.77624,0.77276,0.77327,76540,1689976800000
765,0.77333,0.77485,0.76973,0.77036,53418,1689978600000
766,0.77058,0.77429,0.76988,0.77406,40291,1689980400000
767,0.77412,0.77469,0.77054,0.77114,32534,1689982200000
768,0.77126,0.77445,0.76843,0.77109,37190,1689984000000
769,0.77095,0.77364,0.77095,0.77213,36825,1689985800000
770,0.77158,0.77158,0.76635,0.76895,14271,1689987600000
771,0.76923,0.77276,0.76799,0.76995,38616,1689989400000
772,0.76998,0.77236,0.76935,0.77082,18229,1689991200000
773,0.77107,0.77589,0.77082,0.77551,33544,1689993000000
774,0.77553,0.77794,0.77452,0.77613,34586,1689994800000
775,0.77626,0.77785,0.77467,0.77479,7654,1689996600000
776,0.77446,0.77512,0.77377,0.77475,18896,1689998400000
777,0.77438,0.77587,0.77150,0.77243,38736,1690000200000
778,0.77245,0.77298,0.77005,0.77221,16936,1690002000000
779,0.77226,0.77420,0.77135,0.77214,9299,1690003800000
780,0.77226,0.77276,0.76996,0.77045,14879,1690005600000
781,0.77039,0.77320,0.77039,0.77239,23783,1690007400000
782,0.77198,0.77487,0.77072,0.77436,17481,1690009200000
783,0.77478,0.77564,0.77339,0.77400,4651,1690011000000
784,0.77401,0.77558,0.77303,0.77484,10877,1690012800000
785,0.77503,0.77967,0.77486,0.77813,45803,1690014600000
786,0.77817,0.77817,0.77530,0.77633,16242,1690016400000
787,0.77631,0.77747,0.76887,0.77074,119471,1690018200000
788,0.77075,0.77275,0.76416,0.77092,167416,1690020000000
789,0.77022,0.77588,0.77022,0.77352,60431,1690021800000
790,0.77343,0.77403,0.77128,0.77173,10303,1690023600000
791,0.77145,0.77490,0.77145,0.77271,9329,1690025400000
792,0.77263,0.77263,0.77002,0.77199,66370,1690027200000
793,0.77228,0.77237,0.76767,0.76862,58290,1690029000000
794,0.76838,0.77092,0.76838,0.77022,74142,1690030800000
795,0.77028,0.77041,0.76605,0.76795,50406,1690032600000
796,0.76797,0.77008,0.76675,0.76701,25529,1690034400000
797,0.76682,0.76739,0.76449,0.76676,40879,1690036200000
798,0.76665,0.76665,0.76116,0.76333,47865,1690038000000
799,0.76301,0.76809,0.76156,0.76711,44225,1690039800000
800,0.76729,0.76729,0.76292,0.76486,22956,1690041600000
801,0.76440,0.77068,0.76388,0.76779,40389,1690043400000
802,0.76735,0.77039,0.76666,0.76819,42387,1690045200000
803,0.76802,0.76842,0.76486,0.76665,61983,1690047000000
804,0.76660,0.76660,0.74093,0.74671,360309,1690048800000
805,0.74629,0.75041,0.74206,0.74687,152958,1690050600000
806,0.74706,0.74931,0.74434,0.74612,73121,1690052400000
807,0.74645,0.74928,0.74281,0.74763,77019,1690054200000
808,0.74683,0.74887,0.74474,0.74681,40854,1690056000000
809,0.74678,0.75314,0.74678,0.75293,56849,1690057800000
810,0.75287,0.75401,0.75083,0.75390,31991,1690059600000
811,0.75345,0.75388,0.75192,0.75343,969,1690061400000
812,0.75334,0.75334,0.74673,0.74867,74735,1690063200000
813,0.74853,0.74982,0.74671,0.74858,21039,1690065000000
814,0.74835,0.74842,0.72123,0.73051,315094,1690066800000
815,0.73036,0.73388,0.72788,0.73307,27984,1690068600000
816,0.73245,0.73353,0.71732,0.72586,292582,1690070400000
817,0.72570,0.72638,0.71498,0.72170,119427,1690072200000
818,0.72193,0.73202,0.72193,0.73172,137948,1690074000000
819,0.73122,0.73516,0.72964,0.73319,67757,1690075800000
820,0.73273,0.73684,0.73044,0.73662,41099,1690077600000
821,0.73661,0.73661,0.73311,0.73391,12243,1690079400000
822,0.73415,0.73489,0.73130,0.73329,30786,1690081200000
823,0.73329,0.73795,0.73323,0.73543,22646,1690083000000
824,0.73551,0.73942,0.73551,0.73807,42538,1690084800000
825,0.73821,0.74525,0.73821,0.74189,150582,1690086600000
826,0.74163,0.74520,0.74115,0.74412,160758,1690088400000
827,0.74340,0.74340,0.73856,0.74273,102269,1690090200000
828,0.74254,0.74434,0.73933,0.74023,53262,1690092000000
829,0.74053,0.74233,0.73926,0.74200,21599,1690093800000
830,0.74200,0.74268,0.73875,0.73977,76313,1690095600000
831,0.73975,0.73975,0.73664,0.73819,27245,1690097400000
832,0.73831,0.74057,0.73574,0.73735,9705,1690099200000
833,0.73736,0.74727,0.73643,0.74248,125702,1690101000000
834,0.74241,0.74387,0.73730,0.73768,39601,1690102800000
835,0.73817,0.73932,0.73772,0.73825,51918,1690104600000
836,0.73815,0.74144,0.73780,0.74064,46308,1690106400000
837,0.74024,0.74253,0.73908,0.74185,24317,1690108200000
838,0.74179,0.74373,0.74103,0.74372,60638,1690110000000
839,0.74411,0.74464,0.74113,0.74130,17669,1690111800000
840,0.74115,0.74289,0.74077,0.74140,11885,1690113600000
841,0.74116,0.74121,0.73696,0.73965,31146,1690115400000
842,0.73985,0.73991,0.73690,0.73759,28114,1690117200000
843,0.73743,0.74006,0.73603,0.73867,18502,1690119000000
844,0.73876,0.73976,0.73708,0.73769,28077,1690120800000
845,0.73773,0.74112,0.73769,0.74050,22334,1690122600000
846,0.74084,0.74329,0.73897,0.73935,50462,1690124400000
847,0.73924,0.74200,0.73924,0.74024,37279,1690126200000
848,0.74025,0.74405,0.74025,0.74076,27292,1690128000000
849,0.74080,0.74567,0.73915,0.74219,77434,1690129800000
850,0.74220,0.74624,0.74065,0.74327,114008,1690131600000
851,0.74366,0.74932,0.74283,0.74858,84038,1690133400000
852,0.74815,0.74895,0.74432,0.74470,43742,1690135200000
853,0.74482,0.74893,0.74338,0.74803,49360,1690137000000
854,0.74803,0.75150,0.74431,0.74450,55473,1690138800000
855,0.74453,0.74544,0.73163,0.73747,182181,1690140600000
856,0.73768,0.74045,0.73671,0.73771,38709,1690142400000
857,0.73689,0.74172,0.73668,0.74140,30269,1690144200000
858,0.74111,0.74111,0.73575,0.73698,18079,1690146000000
859,0.73703,0.73737,0.73252,0.73345,28625,1690147800000
860,0.73390,0.73739,0.73334,0.73697,14100,1690149600000
861,0.73696,0.73830,0.73480,0.73508,30578,1690151400000
862,0.73536,0.73844,0.73536,0.73814,9098,1690153200000
863,0.73807,0.73894,0.73662,0.73851,7959,1690155000000
864,0.73851,0.73851,0.73620,0.73697,18435,1690156800000
865,0.73663,0.74253,0.73512,0.73933,33628,1690158600000
866,0.73933,0.74000,0.73500,0.73680,57690,1690160400000
867,0.73671,0.73712,0.73154,0.73466,50251,1690162200000
868,0.73459,0.73467,0.72336,0.72808,248047,1690164000000
869,0.72835,0.73067,0.72717,0.73005,33104,1690165800000
870,0.73019,0.73272,0.72780,0.73119,43071,1690167600000
871,0.73123,0.73205,0.72756,0.72829,26334,1690169400000
872,0.72815,0.73007,0.72200,0.72961,63450,1690171200000
873,0.72962,0.73264,0.72895,0.73163,37268,1690173000000
874,0.73139,0.73275,0.73050,0.73270,33409,1690174800000
875,0.73268,0.73281,0.73035,0.73125,7003,1690176600000
876,0.73107,0.73152,0.72751,0.72752,40429,1690178400000
877,0.72752,0.72759,0.72339,0.72339,22968,1690180200000
878,0.72394,0.72869,0.71887,0.72745,132075,1690182000000
879,0.72739,0.72939,0.72285,0.72427,19901,1690183800000
880,0.72380,0.72380,0.71740,0.72190,197130,1690185600000
881,0.72186,0.72186,0.71329,0.71677,299429,1690187400000
882,0.71688,0.72109,0.71681,0.71732,27282,1690189200000
883,0.71745,0.71792,0.68000,0.69288,758484,1690191000000
884,0.69352,0.70349,0.69090,0.70050,227202,1690192800000
885,0.70094,0.70134,0.69538,0.69938,75943,1690194600000
886,0.69970,0.70130,0.69457,0.69577,110532,1690196400000
887,0.69574,0.69750,0.69187,0.69303,69320,1690198200000
888,0.69282,0.69398,0.68726,0.69184,313557,1690200000000
889,0.69178,0.69892,0.69056,0.69764,160585,1690201800000
890,0.69777,0.69955,0.69638,0.69677,25107,1690203600000
891,0.69705,0.69763,0.69229,0.69587,104539,1690205400000
892,0.69608,0.69640,0.69189,0.69315,132093,1690207200000
893,0.69291,0.69563,0.68904,0.68983,194561,1690209000000
894,0.69019,0.69244,0.68167,0.69069,140399,1690210800000
895,0.69061,0.69464,0.68768,0.69433,124997,1690212600000
896,0.69428,0.70582,0.69409,0.70111,184399,1690214400000
897,0.69946,0.70352,0.69827,0.69968,18195,1690216200000
898,0.69960,0.70012,0.69720,0.69908,41854,1690218000000
899,0.69930,0.70326,0.69790,0.70098,45551,1690219800000
900,0.70126,0.70307,0.69979,0.70271,32737,1690221600000
901,0.70306,0.70868,0.70301,0.70762,60404,1690223400000
902,0.70721,0.70850,0.70343,0.70383,40932,1690225200000
903,0.70411,0.70504,0.70201,0.70327,28948,1690227000000
904,0.70389,0.70714,0.70340,0.70431,14488,1690228800000
905,0.70438,0.70498,0.69832,0.70239,67160,1690230600000
906,0.70232,0.70392,0.70101,0.70277,10984,1690232400000
907,0.70277,0.70686,0.70169,0.70618,10588,1690234200000
908,0.70593,0.70799,0.70350,0.70350,11960,1690236000000
909,0.70388,0.70388,0.70121,0.70322,13341,1690237800000
910,0.70333,0.70580,0.70326,0.70531,5890,1690239600000
911,0.70498,0.70498,0.70105,0.70229,8806,1690241400000
912,0.70225,0.70279,0.69961,0.70170,30253,1690243200000
913,0.70163,0.70186,0.69440,0.69706,27815,1690245000000
914,0.69739,0.69853,0.69500,0.69563,15783,1690246800000
915,0.69546,0.69874,0.69429,0.69753,40363,1690248600000
916,0.69758,0.69962,0.69490,0.69501,64838,1690250400000
917,0.69485,0.69959,0.69389,0.69453,38653,1690252200000
918,0.69468,0.69557,0.68971,0.69453,32199,1690254000000
919,0.69449,0.69657,0.69420,0.69657,9866,1690255800000
920,0.69658,0.69743,0.69222,0.69238,19578,1690257600000
921,0.69261,0.69487,0.69038,0.69193,6880,1690259400000
922,0.69176,0.69374,0.69137,0.69373,17121,1690261200000
923,0.69370,0.69634,0.69280,0.69361,36876,1690263000000
924,0.69396,0.69429,0.68783,0.68957,66344,1690264800000
925,0.68925,0.68946,0.68546,0.68760,35949,1690266600000
926,0.68797,0.68995,0.68396,0.68802,35558,1690268400000
927,0.68834,0.68853,0.67399,0.67991,170373,1690270200000
928,0.68007,0.68358,0.67750,0.68351,161953,1690272000000
929,0.68349,0.68727,0.68191,0.68718,97823,1690273800000
930,0.68703,0.69304,0.68616,0.69076,47825,1690275600000
931,0.69148,0.69395,0.68962,0.69013,49814,1690277400000
932,0.68980,0.69087,0.68798,0.69028,27082,1690279200000
933,0.69027,0.69101,0.68814,0.69031,17977,1690281000000
934,0.69045,0.69060,0.68593,0.68749,58526,1690282800000
935,0.68730,0.68764,0.68429,0.68537,40850,1690284600000
936,0.68555,0.69182,0.68523,0.69116,51264,1690286400000
937,0.69070,0.69182,0.68754,0.68925,26335,1690288200000
938,0.68943,0.69192,0.68804,0.69040,80633,1690290000000
939,0.69026,0.70437,0.69021,0.70270,226356,1690291800000
940,0.70245,0.70854,0.70067,0.70419,123903,1690293600000
941,0.70417,0.70501,0.69611,0.69686,178979,1690295400000
942,0.69661,0.69973,0.69569,0.69822,49471,1690297200000
943,0.69830,0.70331,0.69744,0.70068,53875,1690299000000
944,0.70015,0.70531,0.69943,0.70208,63700,1690300800000
945,0.70238,0.70358,0.69723,0.69882,43962,1690302600000
946,0.69862,0.70393,0.69547,0.70393,86505,1690304400000
947,0.70387,0.70715,0.70061,0.70565,67473,1690306200000
948,0.70559,0.70559,0.70103,0.70172,89992,1690308000000
949,0.70174,0.70402,0.69875,0.70107,36455,1690309800000
950,0.70071,0.70497,0.70049,0.70349,56154,1690311600000
951,0.70333,0.70370,0.69967,0.70036,46308,1690313400000
952,0.70030,0.70266,0.69783,0.70217,30514,1690315200000
953,0.70215,0.70366,0.70063,0.70311,42898,1690317000000
954,0.70330,0.71162,0.70205,0.70999,74009,1690318800000
955,0.70974,0.71264,0.70668,0.70915,60205,1690320600000
956,0.70940,0.71222,0.70780,0.71113,33538,1690322400000
957,0.71118,0.71598,0.71017,0.71123,41285,1690324200000
958,0.71118,0.71288,0.70875,0.71119,23739,1690326000000
959,0.71103,0.71178,0.70840,0.70906,10949,1690327800000
960,0.70903,0.70907,0.70613,0.70846,28654,1690329600000
961,0.70818,0.71134,0.70623,0.70963,21353,1690331400000
962,0.70956,0.70956,0.70410,0.70576,6949,1690333200000
963,0.70564,0.70700,0.70150,0.70513,144671,1690335000000
964,0.70515,0.70682,0.70348,0.70671,27525,1690336800000
965,0.70643,0.71114,0.70458,0.71114,44315,1690338600000
966,0.71122,0.71487,0.71009,0.71073,69132,1690340400000
967,0.71070,0.71186,0.70958,0.71118,63400,1690342200000
968,0.71105,0.71117,0.70788,0.70865,65550,1690344000000
969,0.70868,0.70957,0.70475,0.70603,15972,1690345800000
970,0.70604,0.70664,0.70464,0.70634,20973,1690347600000
971,0.70615,0.70835,0.70508,0.70820,16414,1690349400000
972,0.70793,0.70793,0.70300,0.70300,73311,1690351200000
973,0.70291,0.70452,0.69885,0.70036,85768,1690353000000
974,0.70025,0.70146,0.69890,0.69944,30346,1690354800000
975,0.69948,0.70106,0.69680,0.70044,16919,1690356600000
976,0.70045,0.70196,0.69995,0.70094,25461,1690358400000
977,0.70105,0.70284,0.70038,0.70190,30179,1690360200000
978,0.70199,0.70396,0.70047,0.70047,35763,1690362000000
979,0.70038,0.70132,0.69351,0.69640,155808,1690363800000
980,0.69631,0.69785,0.69533,0.69774,18676,1690365600000
981,0.69782,0.69937,0.69588,0.69692,2197,1690367400000
982,0.69697,0.69946,0.69650,0.69900,20856,1690369200000
983,0.69918,0.69979,0.69662,0.69779,22260,1690371000000
984,0.69765,0.70309,0.69666,0.70300,44331,1690372800000
985,0.70293,0.70354,0.70057,0.70189,111207,1690374600000
986,0.70198,0.70350,0.70076,0.70088,92631,1690376400000
987,0.70098,0.70314,0.69874,0.70284,16363,1690378200000
988,0.70276,0.70622,0.70102,0.70366,69698,1690380000000
989,0.70395,0.70527,0.70190,0.70296,20210,1690381800000
990,0.70276,0.70541,0.70216,0.70313,50693,1690383600000
991,0.70320,0.70534,0.70268,0.70399,22273,1690385400000
992,0.70409,0.70722,0.69972,0.70127,35285,1690387200000
993,0.70075,0.70299,0.70075,0.70190,31993,1690389000000
994,0.70219,0.70320,0.69819,0.69962,38384,1690390800000
995,0.69957,0.70240,0.69505,0.69828,61224,1690392600000
996,0.69811,0.71736,0.69811,0.70949,186878,1690394400000
997,0.70949,0.71913,0.70787,0.71369,67341,1690396200000
998,0.71459,0.71460,0.70133,0.70839,110331,1690398000000
999,0.70840,0.71497,0.70646,0.71446,55241,1690399800000
1000,0.71430,0.71664,0.71181,0.71535,63129,1690401600000
1001,0.71470,0.72980,0.71470,0.72648,141443,1690403400000
1002,0.72597,0.73124,0.71927,0.72128,159475,1690405200000
1003,0.72106,0.72390,0.71778,0.71935,46881,1690407000000
1004,0.71928,0.72022,0.71600,0.71675,174711,1690408800000
1005,0.71685,0.71929,0.71561,0.71923,28402,1690410600000
1006,0.71912,0.72114,0.71488,0.71651,137695,1690412400000
1007,0.71649,0.71694,0.71373,0.71643,32640,1690414200000
1008,0.71656,0.71656,0.71228,0.71389,48547,1690416000000
1009,0.71407,0.71457,0.70836,0.70970,37384,1690417800000
1010,0.70962,0.71284,0.70889,0.71284,14612,1690419600000
1011,0.71288,0.71391,0.71145,0.71361,19875,1690421400000
1012,0.71357,0.71403,0.71149,0.71263,33864,1690423200000
1013,0.71261,0.71875,0.71225,0.71872,22674,1690425000000
1014,0.71879,0.72080,0.71726,0.71984,13021,1690426800000
1015,0.71985,0.72150,0.71755,0.71783,16957,1690428600000
1016,0.71779,0.72036,0.71742,0.72026,6029,1690430400000
1017,0.72062,0.72137,0.71800,0.71836,9303,1690432200000
1018,0.71841,0.72031,0.71796,0.71828,14275,1690434000000
1019,0.71833,0.71850,0.71510,0.71512,18864,1690435800000
1020,0.71552,0.71670,0.71302,0.71312,17176,1690437600000
1021,0.71307,0.71353,0.71130,0.71130,36581,1690439400000
1022,0.71130,0.71354,0.71105,0.71135,15343,1690441200000
1023,0.71135,0.71500,0.71035,0.71165,56089,1690443000000
1024,0.71183,0.71376,0.70988,0.71356,20886,1690444800000
1025,0.71356,0.71514,0.71304,0.71491,31040,1690446600000
1026,0.71518,0.71796,0.71393,0.71702,42640,1690448400000
1027,0.71703,0.71905,0.71606,0.71703,18207,1690450200000
1028,0.71708,0.71761,0.71549,0.71565,17967,1690452000000
1029,0.71549,0.71567,0.71364,0.71462,22204,1690453800000
1030,0.71468,0.71621,0.71390,0.71534,11800,1690455600000
1031,0.71529,0.71671,0.71527,0.71619,17428,1690457400000
1032,0.71611,0.71933,0.71534,0.71682,84974,1690459200000
1033,0.71673,0.71745,0.71485,0.71730,16464,1690461000000
1034,0.71712,0.71746,0.71423,0.71604,27515,1690462800000
1035,0.71603,0.71910,0.71541,0.71774,36904,1690464600000
1036,0.71773,0.71808,0.71188,0.71329,51079,1690466400000
1037,0.71325,0.71454,0.71095,0.71185,68827,1690468200000
1038,0.71199,0.71337,0.70705,0.71265,177163,1690470000000
1039,0.71279,0.73259,0.71279,0.72182,190039,1690471800000
1040,0.72142,0.72888,0.71759,0.72245,50148,1690473600000
1041,0.72199,0.72811,0.72199,0.72299,69786,1690475400000
1042,0.72354,0.72456,0.71987,0.72328,18458,1690477200000
1043,0.72368,0.72375,0.72155,0.72235,33737,1690479000000
1044,0.72249,0.72276,0.71581,0.71637,56299,1690480800000
1045,0.71577,0.71769,0.71046,0.71638,71617,1690482600000
1046,0.71585,0.72009,0.71554,0.71633,76300,1690484400000
1047,0.71564,0.71581,0.71096,0.71353,25556,1690486200000
1048,0.71369,0.71577,0.70732,0.70879,83594,1690488000000
1049,0.70864,0.71223,0.70777,0.71206,82468,1690489800000
1050,0.71237,0.71386,0.71166,0.71322,30820,1690491600000
1051,0.71339,0.71604,0.71293,0.71536,51288,1690493400000
1052,0.71521,0.71615,0.71471,0.71537,16880,1690495200000
1053,0.71539,0.71622,0.71379,0.71421,8286,1690497000000
1054,0.71390,0.71446,0.71208,0.71329,14637,1690498800000
1055,0.71319,0.71447,0.71278,0.71399,6598,1690500600000
1056,0.71395,0.71502,0.71161,0.71484,3013,1690502400000
1057,0.71494,0.71872,0.71409,0.71677,16956,1690504200000
1058,0.71674,0.71691,0.71477,0.71560,24481,1690506000000
1059,0.71581,0.71773,0.71542,0.71753,6082,1690507800000
1060,0.71740,0.71768,0.71472,0.71493,24328,1690509600000
1061,0.71519,0.71535,0.71288,0.71535,9399,1690511400000
1062,0.71540,0.71577,0.71378,0.71439,7908,1690513200000
1063,0.71477,0.71656,0.71337,0.71436,11771,1690515000000
1064,0.71444,0.71513,0.71299,0.71337,12275,1690516800000
1065,0.71359,0.71463,0.71332,0.71432,38021,1690518600000
1066,0.71426,0.71443,0.71148,0.71202,12604,1690520400000
1067,0.71242,0.71269,0.70841,0.71098,84745,1690522200000
1068,0.71082,0.71103,0.70500,0.70716,88653,1690524000000
1069,0.70674,0.70900,0.70592,0.70689,51774,1690525800000
1070,0.70677,0.70961,0.70674,0.70817,26472,1690527600000
1071,0.70832,0.70860,0.70564,0.70622,25827,1690529400000
1072,0.70603,0.70901,0.70255,0.70805,75737,1690531200000
1073,0.70799,0.70949,0.70799,0.70869,20619,1690533000000
1074,0.70910,0.71086,0.70874,0.70935,17753,1690534800000
1075,0.70952,0.71312,0.70904,0.71235,42673,1690536600000
1076,0.71240,0.71271,0.71037,0.71061,9508,1690538400000
1077,0.71056,0.71262,0.71014,0.71134,7509,1690540200000
1078,0.71149,0.71181,0.70937,0.70970,16211,1690542000000
1079,0.70973,0.71088,0.70838,0.70946,22838,1690543800000
1080,0.70952,0.71242,0.70951,0.71161,32846,1690545600000
1081,0.71182,0.71437,0.71153,0.71311,53994,1690547400000
1082,0.71325,0.71325,0.71107,0.71151,28087,1690549200000
1083,0.71148,0.71202,0.70989,0.71149,24277,1690551000000
1084,0.71151,0.71595,0.71151,0.71539,55442,1690552800000
1085,0.71558,0.71740,0.71399,0.71477,88353,1690554600000
1086,0.71524,0.71606,0.71401,0.71451,51439,1690556400000
1087,0.71442,0.71452,0.71072,0.71258,45843,1690558200000
1088,0.71281,0.71505,0.71092,0.71465,32266,1690560000000
1089,0.71463,0.71463,0.71246,0.71265,15968,1690561800000
1090,0.71243,0.71279,0.71070,0.71179,38972,1690563600000
1091,0.71175,0.71214,0.70844,0.71030,50632,1690565400000
1092,0.71020,0.71156,0.70984,0.71132,15018,1690567200000
1093,0.71120,0.71433,0.71120,0.71346,18941,1690569000000
1094,0.71346,0.71443,0.71226,0.71226,56562,1690570800000
1095,0.71208,0.71299,0.71145,0.71216,15706,1690572600000
1096,0.71184,0.71207,0.70997,0.71186,32168,1690574400000
1097,0.71182,0.71315,0.71166,0.71258,25116,1690576200000
1098,0.71274,0.71274,0.71137,0.71150,10250,1690578000000
1099,0.71151,0.71151,0.71078,0.71102,6192,1690579800000
1100,0.71101,0.71235,0.71067,0.71217,4223,1690581600000
1101,0.71214,0.71296,0.71153,0.71166,14631,1690583400000
1102,0.71160,0.71363,0.71151,0.71354,11647,1690585200000
1103,0.71359,0.71359,0.71194,0.71198,10936,1690587000000
1104,0.71185,0.71252,0.70972,0.71164,34618,1690588800000
1105,0.71144,0.71191,0.71033,0.71054,3696,1690590600000
1106,0.71054,0.71151,0.71011,0.71021,11878,1690592400000
1107,0.71032,0.71304,0.71014,0.71217,20696,1690594200000
1108,0.71221,0.71226,0.71045,0.71136,8760,1690596000000
1109,0.71142,0.71270,0.71114,0.71174,32941,1690597800000
1110,0.71174,0.71268,0.71174,0.71197,3605,1690599600000
1111,0.71196,0.71202,0.71065,0.71109,5798,1690601400000
1112,0.71098,0.71198,0.71024,0.71178,109085,1690603200000
1113,0.71198,0.71229,0.71141,0.71159,14043,1690605000000
1114,0.71155,0.71237,0.71151,0.71218,4678,1690606800000
1115,0.71230,0.71413,0.71173,0.71347,26374,1690608600000
1116,0.71329,0.71428,0.71283,0.71392,18510,1690610400000
1117,0.71392,0.71525,0.71190,0.71340,13630,1690612200000
1118,0.71356,0.71455,0.71222,0.71226,12110,1690614000000
1119,0.71213,0.71288,0.71110,0.71154,13035,1690615800000
1120,0.71135,0.71239,0.71111,0.71145,6901,1690617600000
1121,0.71137,0.71147,0.71030,0.71030,5377,1690619400000
1122,0.71030,0.71207,0.71010,0.71152,12457,1690621200000
1123,0.71165,0.71165,0.70445,0.70737,76288,1690623000000
1124,0.70736,0.70830,0.70616,0.70822,19461,1690624800000
1125,0.70844,0.70850,0.70730,0.70817,4793,1690626600000
1126,0.70816,0.71012,0.70797,0.70996,8389,1690628400000
1127,0.70970,0.70985,0.70835,0.70842,7212,1690630200000
1128,0.70835,0.71049,0.70775,0.71049,53967,1690632000000
1129,0.71027,0.71027,0.70872,0.70933,1823,1690633800000
1130,0.70936,0.71026,0.70936,0.70997,13689,1690635600000
1131,0.70998,0.71050,0.70839,0.70927,7204,1690637400000
1132,0.70931,0.71001,0.70843,0.70872,7318,1690639200000
1133,0.70892,0.70912,0.70710,0.70807,10587,1690641000000
1134,0.70805,0.70886,0.70771,0.70825,15697,1690642800000
1135,0.70803,0.70835,0.70714,0.70825,7359,1690644600000
1136,0.70825,0.70854,0.70730,0.70784,3155,1690646400000
1137,0.70780,0.70885,0.70748,0.70885,11885,1690648200000
1138,0.70898,0.71046,0.70875,0.71004,12979,1690650000000
1139,0.71002,0.71342,0.70991,0.71193,38708,1690651800000
1140,0.71211,0.71218,0.70902,0.71062,55193,1690653600000
1141,0.71060,0.71075,0.70936,0.71031,18476,1690655400000
1142,0.71027,0.71203,0.71017,0.71115,17933,1690657200000
1143,0.71109,0.71461,0.71093,0.71426,64687,1690659000000
1144,0.71457,0.71536,0.71304,0.71339,29997,1690660800000
1145,0.71362,0.71420,0.71275,0.71348,3101,1690662600000
1146,0.71355,0.71414,0.71176,0.71304,22377,1690664400000
1147,0.71306,0.71306,0.71101,0.71153,14288,1690666200000
1148,0.71218,0.71254,0.71131,0.71154,5996,1690668000000
1149,0.71149,0.71277,0.71136,0.71277,12639,1690669800000
1150,0.71277,0.71318,0.71212,0.71258,14235,1690671600000
1151,0.71237,0.71370,0.71187,0.71205,14237,1690673400000
1152,0.71220,0.71224,0.70975,0.71012,35004,1690675200000
1153,0.71010,0.71118,0.70912,0.71099,13771,1690677000000
1154,0.71087,0.71087,0.70943,0.71033,9111,1690678800000
1155,0.71034,0.71034,0.70869,0.70968,18859,1690680600000
1156,0.70969,0.71027,0.70933,0.70945,23730,1690682400000
1157,0.70946,0.71027,0.70915,0.71017,7751,1690684200000
1158,0.71026,0.71090,0.71020,0.71063,4934,1690686000000
1159,0.71063,0.71106,0.70995,0.71004,7101,1690687800000
1160,0.70995,0.71132,0.70943,0.71098,10301,1690689600000
1161,0.71092,0.71145,0.71061,0.71116,4455,1690691400000
1162,0.71122,0.71210,0.71104,0.71186,6000,1690693200000
1163,0.71171,0.71175,0.71014,0.71023,9684,1690695000000
1164,0.71018,0.71026,0.70951,0.70954,9421,1690696800000
1165,0.70939,0.71013,0.70921,0.70972,11931,1690698600000
1166,0.70972,0.70997,0.70891,0.70942,5560,1690700400000
1167,0.70945,0.71055,0.70916,0.71012,8825,1690702200000
1168,0.71032,0.71122,0.70996,0.71102,5696,1690704000000
1169,0.71094,0.71295,0.71051,0.71242,29484,1690705800000
1170,0.71228,0.71314,0.71144,0.71226,21521,1690707600000
1171,0.71232,0.71302,0.71123,0.71301,1367,1690709400000
1172,0.71303,0.73584,0.71303,0.72341,224264,1690711200000
1173,0.72329,0.72651,0.71964,0.72195,72213,1690713000000
1174,0.72093,0.72361,0.71667,0.71818,74213,1690714800000
1175,0.71860,0.72076,0.71824,0.71950,35198,1690716600000
1176,0.71969,0.72183,0.71951,0.72028,32572,1690718400000
1177,0.71991,0.72267,0.71875,0.72117,11990,1690720200000
1178,0.72127,0.72178,0.71868,0.71909,21682,1690722000000
1179,0.71898,0.72087,0.71735,0.71900,37789,1690723800000
1180,0.71902,0.71971,0.71627,0.71751,13684,1690725600000
1181,0.71710,0.72062,0.71541,0.71901,98335,1690727400000
1182,0.71909,0.72060,0.71813,0.71884,73904,1690729200000
1183,0.71886,0.71974,0.71235,0.71497,134804,1690731000000
1184,0.71488,0.71666,0.71387,0.71568,29781,1690732800000
1185,0.71527,0.71706,0.71376,0.71698,73119,1690734600000
1186,0.71665,0.71744,0.71635,0.71675,17420,1690736400000
1187,0.71660,0.71742,0.71591,0.71712,14987,1690738200000
1188,0.71711,0.71769,0.71626,0.71626,10830,1690740000000
1189,0.71626,0.71649,0.71503,0.71580,14461,1690741800000
1190,0.71593,0.71676,0.71529,0.71610,18788,1690743600000
1191,0.71639,0.71639,0.69888,0.70316,323516,1690745400000
1192,0.70357,0.70357,0.68338,0.70048,290714,1690747200000
1193,0.69987,0.70675,0.69875,0.70604,44899,1690749000000
1194,0.70642,0.70642,0.70384,0.70532,11279,1690750800000
1195,0.70527,0.70555,0.70339,0.70410,8268,1690752600000
1196,0.70386,0.70441,0.70196,0.70284,12617,1690754400000
1197,0.70262,0.70315,0.69924,0.70127,71343,1690756200000
1198,0.70151,0.70567,0.70140,0.70541,33397,1690758000000
1199,0.70531,0.70625,0.70446,0.70473,9406,1690759800000
1200,0.70469,0.70608,0.70252,0.70590,15930,1690761600000
1201,0.70601,0.71188,0.70548,0.71004,19432,1690763400000
1202,0.71000,0.71097,0.70740,0.70782,16699,1690765200000
1203,0.70765,0.70837,0.70626,0.70791,13582,1690767000000
1204,0.70812,0.70864,0.70688,0.70822,10792,1690768800000
1205,0.70832,0.70983,0.70761,0.70813,12962,1690770600000
1206,0.70804,0.70812,0.70613,0.70613,8338,1690772400000
1207,0.70631,0.70640,0.70518,0.70627,12211,1690774200000
1208,0.70635,0.70643,0.70367,0.70410,11964,1690776000000
1209,0.70371,0.70507,0.70176,0.70447,15970,1690777800000
1210,0.70431,0.70687,0.70414,0.70618,14471,1690779600000
1211,0.70620,0.70724,0.70573,0.70584,28957,1690781400000
1212,0.70562,0.70757,0.70479,0.70637,51028,1690783200000
1213,0.70637,0.70699,0.70511,0.70609,41094,1690785000000
1214,0.70611,0.70737,0.70566,0.70717,35902,1690786800000
1215,0.70704,0.70798,0.70470,0.70471,60305,1690788600000
1216,0.70501,0.70540,0.70390,0.70515,41030,1690790400000
1217,0.70538,0.70538,0.70348,0.70497,40497,1690792200000
1218,0.70498,0.70591,0.70333,0.70387,31124,1690794000000
1219,0.70386,0.70387,0.70181,0.70300,80626,1690795800000
1220,0.70299,0.70372,0.70151,0.70372,56539,1690797600000
1221,0.70390,0.70459,0.70302,0.70459,9002,1690799400000
1222,0.70454,0.70463,0.70280,0.70291,36462,1690801200000
1223,0.70300,0.70432,0.70281,0.70432,11013,1690803000000
1224,0.70434,0.70511,0.70334,0.70511,19568,1690804800000
1225,0.70524,0.70697,0.70510,0.70682,92959,1690806600000
1226,0.70700,0.70708,0.70478,0.70534,10619,1690808400000
1227,0.70557,0.70608,0.69462,0.70036,188953,1690810200000
1228,0.70045,0.70157,0.69801,0.70076,32706,1690812000000
1229,0.70075,0.70096,0.69852,0.69959,34618,1690813800000
1230,0.69936,0.70054,0.69812,0.70008,33104,1690815600000
1231,0.70013,0.70030,0.69525,0.69657,113968,1690817400000
1232,0.69638,0.69853,0.69316,0.69776,135013,1690819200000
1233,0.69750,0.69900,0.69724,0.69847,54754,1690821000000
1234,0.69847,0.70019,0.69831,0.69988,27598,1690822800000
1235,0.69985,0.70443,0.69972,0.70301,93673,1690824600000
1236,0.70322,0.70405,0.70046,0.70142,21155,1690826400000
1237,0.70137,0.70357,0.70057,0.70185,11520,1690828200000
1238,0.70181,0.70347,0.70048,0.70241,24621,1690830000000
1239,0.70253,0.72044,0.70253,0.71495,296607,1690831800000
1240,0.71509,0.71988,0.70779,0.71121,62674,1690833600000
1241,0.71121,0.71289,0.69621,0.69992,218087,1690835400000
1242,0.69992,0.70489,0.68497,0.69898,371522,1690837200000
1243,0.69908,0.70169,0.69686,0.69837,32130,1690839000000
1244,0.69818,0.70042,0.69759,0.69970,123948,1690840800000
1245,0.69951,0.69951,0.69591,0.69902,28358,1690842600000
1246,0.69868,0.69986,0.69825,0.69943,58539,1690844400000
1247,0.69976,0.70049,0.69761,0.69761,52993,1690846200000
1248,0.69768,0.69799,0.69357,0.69518,96681,1690848000000
1249,0.69509,0.69721,0.69415,0.69527,66599,1690849800000
1250,0.69521,0.69699,0.69115,0.69162,65964,1690851600000
1251,0.69207,0.69509,0.69067,0.69439,48670,1690853400000
1252,0.69439,0.69451,0.67338,0.68343,344970,1690855200000
1253,0.68343,0.68634,0.68193,0.68612,31373,1690857000000
1254,0.68606,0.68664,0.68439,0.68579,34203,1690858800000
1255,0.68560,0.68822,0.68447,0.68802,34664,1690860600000
1256,0.68728,0.68990,0.68713,0.68889,37321,1690862400000
1257,0.68893,0.69156,0.68827,0.69093,25007,1690864200000
1258,0.69088,0.69176,0.68953,0.69078,12472,1690866000000
1259,0.69102,0.69272,0.69048,0.69122,14457,1690867800000
1260,0.69067,0.69067,0.68631,0.68788,28761,1690869600000
1261,0.68794,0.69065,0.68679,0.68695,38939,1690871400000
1262,0.68699,0.69012,0.68694,0.68925,30817,1690873200000
1263,0.68922,0.69135,0.68914,0.69008,17104,1690875000000
1264,0.69032,0.69166,0.68999,0.69162,21077,1690876800000
1265,0.69180,0.69228,0.68954,0.69165,50771,1690878600000
1266,0.69145,0.69165,0.68890,0.68903,14057,1690880400000
1267,0.68912,0.69134,0.68907,0.69049,15225,1690882200000
1268,0.69044,0.69113,0.68947,0.68961,35364,1690884000000
1269,0.68959,0.69077,0.68919,0.68929,8694,1690885800000
1270,0.68949,0.68993,0.68865,0.68915,47275,1690887600000
1271,0.68896,0.68917,0.68750,0.68768,45864,1690889400000
1272,0.68760,0.68817,0.68478,0.68618,34407,1690891200000
1273,0.68629,0.69045,0.68610,0.68970,33679,1690893000000
1274,0.68978,0.69175,0.68931,0.68994,29875,1690894800000
1275,0.69020,0.69123,0.68953,0.69002,13228,1690896600000
1276,0.69003,0.69464,0.68859,0.69464,67375,1690898400000
1277,0.69481,0.69785,0.69044,0.69097,52290,1690900200000
1278,0.69160,0.69181,0.68739,0.68775,53145,1690902000000
1279,0.68763,0.69405,0.68159,0.69405,287118,1690903800000
1280,0.69386,0.69779,0.69258,0.69668,81963,1690905600000
1281,0.69656,0.69656,0.69101,0.69218,68160,1690907400000
1282,0.69228,0.69382,0.69134,0.69351,33356,1690909200000
1283,0.69345,0.69634,0.69301,0.69488,31398,1690911000000
1284,0.69491,0.69971,0.69488,0.69839,26187,1690912800000
1285,0.69846,0.70130,0.69686,0.70130,27408,1690914600000
1286,0.70136,0.70348,0.69855,0.69997,123891,1690916400000
1287,0.70000,0.70204,0.69862,0.69971,38933,1690918200000
1288,0.69952,0.70008,0.69776,0.69804,27502,1690920000000
1289,0.69818,0.69979,0.69774,0.69979,39060,1690921800000
1290,0.69951,0.70217,0.69941,0.70217,42867,1690923600000
1291,0.70241,0.70574,0.70109,0.70428,70029,1690925400000
1292,0.70420,0.70600,0.70168,0.70391,116586,1690927200000
1293,0.70413,0.70482,0.70282,0.70380,23462,1690929000000
1294,0.70383,0.70724,0.70376,0.70607,55722,1690930800000
1295,0.70647,0.70800,0.70492,0.70693,123549,1690932600000
1296,0.70701,0.70812,0.70360,0.70507,92174,1690934400000
1297,0.70498,0.70517,0.70173,0.70312,56617,1690936200000
1298,0.70334,0.70437,0.70243,0.70338,90653,1690938000000
1299,0.70340,0.70613,0.70066,0.70086,77820,1690939800000
1300,0.70081,0.70205,0.69937,0.70131,48645,1690941600000
1301,0.70145,0.70166,0.70062,0.70146,77674,1690943400000
1302,0.70132,0.70204,0.69959,0.70203,39993,1690945200000
1303,0.70202,0.70224,0.70034,0.70034,29347,1690947000000
1304,0.70036,0.70158,0.69939,0.70130,34115,1690948800000
1305,0.70106,0.70169,0.69944,0.69971,19418,1690950600000
1306,0.69943,0.69966,0.69654,0.69788,57669,1690952400000
1307,0.69776,0.69935,0.69746,0.69841,55353,1690954200000
1308,0.69859,0.69893,0.69659,0.69724,24460,1690956000000
1309,0.69706,0.69706,0.69350,0.69352,33282,1690957800000
1310,0.69370,0.69614,0.69363,0.69485,35266,1690959600000
1311,0.69493,0.69520,0.69370,0.69430,36890,1690961400000
1312,0.69475,0.69579,0.69225,0.69311,38841,1690963200000
1313,0.69314,0.69484,0.69217,0.69454,17332,1690965000000
1314,0.69462,0.69537,0.69409,0.69525,6907,1690966800000
1315,0.69524,0.69554,0.69417,0.69424,13723,1690968600000
1316,0.69407,0.69679,0.69377,0.69645,41398,1690970400000
1317,0.69638,0.69748,0.69575,0.69722,19134,1690972200000
1318,0.69728,0.69773,0.69627,0.69717,12283,1690974000000
1319,0.69690,0.69714,0.69599,0.69618,35185,1690975800000
1320,0.69615,0.69631,0.69462,0.69541,11254,1690977600000
1321,0.69553,0.69553,0.69290,0.69421,16948,1690979400000
1322,0.69421,0.69431,0.69169,0.69243,41546,1690981200000
1323,0.69214,0.69334,0.69076,0.69273,23021,1690983000000
1324,0.69248,0.69270,0.68658,0.68883,244110,1690984800000
1325,0.68830,0.68830,0.68206,0.68644,150021,1690986600000
1326,0.68648,0.68741,0.68242,0.68582,53284,1690988400000
1327,0.68599,0.68775,0.68561,0.68744,20404,1690990200000
1328,0.68732,0.68829,0.68583,0.68583,21690,1690992000000
1329,0.68604,0.68870,0.67664,0.68058,261277,1690993800000
1330,0.68049,0.68548,0.68012,0.68538,52477,1690995600000
1331,0.68536,0.68672,0.68313,0.68415,31712,1690997400000
1332,0.68402,0.68554,0.68332,0.68534,42339,1690999200000
1333,0.68534,0.68534,0.68336,0.68438,24413,1691001000000
1334,0.68439,0.68673,0.68391,0.68654,11580,1691002800000
1335,0.68660,0.68803,0.68608,0.68707,29654,1691004600000
1336,0.68658,0.68744,0.68613,0.68743,10499,1691006400000
1337,0.68750,0.68750,0.68648,0.68660,13981,1691008200000
1338,0.68672,0.68795,0.68383,0.68795,69668,1691010000000
1339,0.68790,0.68921,0.68680,0.68852,20942,1691011800000
1340,0.68858,0.68920,0.68763,0.68838,16904,1691013600000
1341,0.68838,0.68843,0.68677,0.68677,2933,1691015400000
1342,0.68681,0.68697,0.68539,0.68648,11788,1691017200000
1343,0.68664,0.68664,0.68481,0.68521,8599,1691019000000
1344,0.68520,0.68670,0.68378,0.68597,3182,1691020800000
1345,0.68609,0.68745,0.68363,0.68363,8382,1691022600000
1346,0.68365,0.68461,0.68309,0.68395,6853,1691024400000
1347,0.68390,0.68603,0.68353,0.68564,39465,1691026200000
1348,0.68583,0.68658,0.68130,0.68130,27567,1691028000000
1349,0.68148,0.68322,0.68060,0.68313,11463,1691029800000
1350,0.68334,0.68359,0.68121,0.68189,37661,1691031600000
1351,0.68198,0.68302,0.68109,0.68285,21181,1691033400000
1352,0.68290,0.68290,0.68079,0.68091,8174,1691035200000
1353,0.68090,0.68148,0.67865,0.68110,77685,1691037000000
1354,0.68121,0.68180,0.67957,0.67993,33427,1691038800000
1355,0.67999,0.68271,0.67991,0.68232,7377,1691040600000
1356,0.68242,0.68264,0.67862,0.67893,9981,1691042400000
1357,0.67891,0.67907,0.66596,0.66949,208872,1691044200000
1358,0.67011,0.67354,0.67007,0.67079,48273,1691046000000
1359,0.67105,0.67202,0.67010,0.67010,19665,1691047800000
1360,0.67014,0.67094,0.65541,0.66001,166812,1691049600000
1361,0.66001,0.66340,0.65908,0.66182,36208,1691051400000
1362,0.66230,0.66576,0.66067,0.66440,49885,1691053200000
1363,0.66404,0.66524,0.66300,0.66421,19335,1691055000000
1364,0.66397,0.66657,0.66330,0.66468,28200,1691056800000
1365,0.66452,0.66654,0.66396,0.66597,11480,1691058600000
1366,0.66603,0.66673,0.66464,0.66464,23357,1691060400000
1367,0.66464,0.66611,0.66455,0.66572,7125,1691062200000
1368,0.66581,0.66632,0.66188,0.66274,27604,1691064000000
1369,0.66299,0.66358,0.65957,0.66179,48801,1691065800000
1370,0.66201,0.66676,0.66201,0.66540,40034,1691067600000
1371,0.66560,0.66761,0.66380,0.66761,18225,1691069400000
1372,0.66757,0.67005,0.66727,0.66826,22116,1691071200000
1373,0.66817,0.67299,0.66782,0.67299,51004,1691073000000
1374,0.67256,0.67325,0.66873,0.66986,16264,1691074800000
1375,0.66979,0.67172,0.66897,0.67073,40910,1691076600000
1376,0.67077,0.67188,0.66867,0.67185,15427,1691078400000
1377,0.67182,0.67600,0.66999,0.67402,110559,1691080200000
1378,0.67388,0.67591,0.67361,0.67470,47642,1691082000000
1379,0.67450,0.67462,0.67102,0.67155,52440,1691083800000
1380,0.67153,0.67203,0.67048,0.67128,7256,1691085600000
1381,0.67099,0.67339,0.67095,0.67328,19699,1691087400000
1382,0.67337,0.67505,0.67302,0.67442,27644,1691089200000
1383,0.67440,0.67559,0.67422,0.67459,11482,1691091000000
1384,0.67429,0.67688,0.67347,0.67662,20215,1691092800000
1385,0.67668,0.67670,0.67209,0.67209,27968,1691094600000
1386,0.67227,0.67366,0.67204,0.67268,18506,1691096400000
1387,0.67273,0.67273,0.66589,0.66842,57381,1691098200000
1388,0.66859,0.66977,0.66163,0.66466,46381,1691100000000
1389,0.66416,0.66750,0.66388,0.66672,23178,1691101800000
1390,0.66672,0.66757,0.66541,0.66575,19022,1691103600000
1391,0.66583,0.66679,0.66328,0.66328,12327,1691105400000
1392,0.66286,0.66576,0.66151,0.66404,21283,1691107200000
1393,0.66317,0.66542,0.66120,0.66507,12612,1691109000000
1394,0.66495,0.66595,0.66370,0.66460,29170,1691110800000
1395,0.66482,0.66758,0.66471,0.66540,20626,1691112600000
1396,0.66545,0.66658,0.66456,0.66514,18387,1691114400000
1397,0.66503,0.66578,0.66359,0.66375,15453,1691116200000
1398,0.66344,0.66502,0.66248,0.66369,6200,1691118000000
1399,0.66359,0.66476,0.66306,0.66476,12843,1691119800000
1400,0.66476,0.66581,0.66265,0.66305,16662,1691121600000
1401,0.66315,0.66634,0.66239,0.66634,15916,1691123400000
1402,0.66648,0.66690,0.66433,0.66539,11788,1691125200000
1403,0.66546,0.66746,0.66531,0.66687,25758,1691127000000
1404,0.66703,0.66711,0.66278,0.66296,17429,1691128800000
1405,0.66292,0.66292,0.65669,0.65957,86900,1691130600000
1406,0.65931,0.66133,0.65860,0.65865,21394,1691132400000
1407,0.65857,0.65948,0.65748,0.65914,54130,1691134200000
1408,0.65911,0.66252,0.65615,0.65984,83151,1691136000000
1409,0.65979,0.66050,0.65829,0.65972,37688,1691137800000
1410,0.66011,0.66236,0.65959,0.66236,42240,1691139600000
1411,0.66215,0.66232,0.66090,0.66224,49735,1691141400000
1412,0.66235,0.66235,0.66062,0.66141,25381,1691143200000
1413,0.66120,0.66120,0.65825,0.65871,21103,1691145000000
1414,0.65870,0.65876,0.65735,0.65837,18877,1691146800000
1415,0.65831,0.65942,0.65673,0.65798,34657,1691148600000
1416,0.65772,0.66013,0.65643,0.65973,23876,1691150400000
1417,0.65956,0.66593,0.65946,0.66306,113873,1691152200000
1418,0.66316,0.66381,0.66139,0.66330,51501,1691154000000
1419,0.66294,0.66644,0.66281,0.66350,69549,1691155800000
1420,0.66314,0.66327,0.66087,0.66276,45230,1691157600000
1421,0.66298,0.66576,0.66298,0.66453,41327,1691159400000
1422,0.66478,0.66499,0.66288,0.66357,24592,1691161200000
1423,0.66396,0.66435,0.66254,0.66331,12510,1691163000000
1424,0.66358,0.66781,0.66356,0.66605,33235,1691164800000
1425,0.66610,0.66630,0.66430,0.66613,30243,1691166600000
1426,0.66646,0.66662,0.66282,0.66341,48742,1691168400000
1427,0.66301,0.66338,0.66216,0.66234,22132,1691170200000
1428,0.66237,0.66277,0.65835,0.65957,39684,1691172000000
1429,0.65940,0.66049,0.64942,0.65503,257115,1691173800000
1430,0.65498,0.65637,0.65317,0.65351,29230,1691175600000
1431,0.65375,0.65500,0.65270,0.65366,31484,1691177400000
1432,0.65372,0.65538,0.65346,0.65477,48445,1691179200000
1433,0.65500,0.65500,0.62530,0.63539,561205,1691181000000
1434,0.63510,0.64057,0.63479,0.63579,77918,1691182800000
1435,0.63634,0.63757,0.62799,0.63030,47117,1691184600000
1436,0.63030,0.63702,0.63030,0.63573,55739,1691186400000
1437,0.63602,0.63807,0.63469,0.63683,34420,1691188200000
1438,0.63698,0.63828,0.63535,0.63635,32579,1691190000000
1439,0.63635,0.63826,0.63564,0.63564,6183,1691191800000
1440,0.63563,0.63569,0.63126,0.63330,49685,1691193600000
1441,0.63329,0.63353,0.62893,0.63130,41492,1691195400000
1442,0.63150,0.63330,0.61812,0.62317,201776,1691197200000
1443,0.62273,0.62358,0.61032,0.61518,300307,1691199000000
1444,0.61524,0.61948,0.61524,0.61757,55149,1691200800000
1445,0.61752,0.62049,0.61746,0.61944,37293,1691202600000
1446,0.61962,0.62403,0.61962,0.62346,94492,1691204400000
1447,0.62345,0.62391,0.62170,0.62373,52236,1691206200000
1448,0.62344,0.62463,0.62189,0.62334,43445,1691208000000
1449,0.62345,0.62345,0.61997,0.62086,35839,1691209800000
1450,0.62082,0.62148,0.61861,0.62113,75502,1691211600000
1451,0.62109,0.62552,0.62109,0.62487,74352,1691213400000
1452,0.62489,0.62489,0.62250,0.62400,31467,1691215200000
1453,0.62396,0.62484,0.62294,0.62297,25546,1691217000000
1454,0.62281,0.62428,0.62280,0.62309,7674,1691218800000
1455,0.62309,0.62500,0.62291,0.62367,14218,1691220600000
1456,0.62363,0.62409,0.62284,0.62394,15383,1691222400000
1457,0.62424,0.62935,0.62419,0.62751,49342,1691224200000
1458,0.62731,0.62906,0.62647,0.62906,19874,1691226000000
1459,0.62882,0.63045,0.62735,0.62886,27997,1691227800000
1460,0.62870,0.62870,0.62724,0.62752,8403,1691229600000
1461,0.62750,0.62880,0.62730,0.62833,11156,1691231400000
1462,0.62812,0.63277,0.62759,0.62858,48366,1691233200000
1463,0.62848,0.62925,0.62675,0.62735,18999,1691235000000
1464,0.62698,0.62705,0.62473,0.62623,53329,1691236800000
1465,0.62617,0.62617,0.62413,0.62534,19264,1691238600000
1466,0.62509,0.62747,0.62509,0.62614,37520,1691240400000
1467,0.62603,0.62603,0.62453,0.62531,6730,1691242200000
1468,0.62535,0.62930,0.62535,0.62854,47173,1691244000000
1469,0.62856,0.62913,0.62658,0.62871,44707,1691245800000
1470,0.62868,0.62882,0.62167,0.62261,170648,1691247600000
1471,0.62288,0.62707,0.62089,0.62438,126028,1691249400000
1472,0.62437,0.62458,0.62040,0.62062,60800,1691251200000
1473,0.62077,0.62279,0.61890,0.62220,49861,1691253000000
1474,0.62219,0.62616,0.62194,0.62611,40073,1691254800000
1475,0.62618,0.62713,0.62486,0.62633,5788,1691256600000
1476,0.62645,0.62842,0.62554,0.62772,34651,1691258400000
1477,0.62781,0.63224,0.62678,0.63066,63523,1691260200000
1478,0.63070,0.63102,0.62826,0.62903,52308,1691262000000
1479,0.62878,0.62900,0.62718,0.62746,33220,1691263800000
1480,0.62739,0.62864,0.62662,0.62699,25400,1691265600000
1481,0.62720,0.62736,0.62507,0.62576,14549,1691267400000
1482,0.62567,0.62820,0.62563,0.62766,17166,1691269200000
1483,0.62758,0.62869,0.62667,0.62669,15731,1691271000000
1484,0.62668,0.62788,0.62628,0.62773,31720,1691272800000
1485,0.62767,0.63018,0.62739,0.63012,10944,1691274600000
1486,0.62997,0.63011,0.62791,0.62923,23398,1691276400000
1487,0.62905,0.62931,0.62823,0.62876,12469,1691278200000
1488,0.62874,0.63687,0.62706,0.63077,235009,1691280000000
1489,0.63110,0.63419,0.62862,0.63255,33221,1691281800000
1490,0.63258,0.63269,0.62931,0.62931,31313,1691283600000
1491,0.62951,0.63129,0.62951,0.62978,14247,1691285400000
1492,0.62979,0.63635,0.62960,0.63446,61089,1691287200000
1493,0.63420,0.63422,0.63224,0.63385,26299,1691289000000
1494,0.63385,0.63513,0.63268,0.63487,18015,1691290800000
1495,0.63475,0.63609,0.63444,0.63596,10141,1691292600000
1496,0.63570,0.63696,0.63431,0.63431,14702,1691294400000
1497,0.63452,0.63894,0.63452,0.63582,34451,1691296200000
1498,0.63592,0.63592,0.63377,0.63420,22343,1691298000000
1499,0.63407,0.63614,0.63364,0.63602,21405,1691299800000
1500,0.63591,0.63591,0.63232,0.63383,14353,1691301600000
1501,0.63365,0.63406,0.63252,0.63339,13056,1691303400000
1502,0.63301,0.63333,0.63199,0.63258,20560,1691305200000
1503,0.63265,0.63396,0.63255,0.63327,15154,1691307000000
1504,0.63328,0.63612,0.63328,0.63527,5816,1691308800000
1505,0.63535,0.63768,0.63483,0.63483,29154,1691310600000
1506,0.63470,0.63483,0.63114,0.63205,52618,1691312400000
1507,0.63215,0.63397,0.63215,0.63392,8104,1691314200000
1508,0.63384,0.63395,0.63196,0.63233,15207,1691316000000
1509,0.63231,0.63260,0.62977,0.63189,69576,1691317800000
1510,0.63180,0.63262,0.63104,0.63190,23462,1691319600000
1511,0.63190,0.63400,0.63190,0.63341,14117,1691321400000
1512,0.63340,0.63342,0.63134,0.63152,30748,1691323200000
1513,0.63163,0.63230,0.63061,0.63080,40079,1691325000000
1514,0.63050,0.63050,0.62622,0.62713,151171,1691326800000
1515,0.62708,0.62844,0.62636,0.62692,35263,1691328600000
1516,0.62684,0.62856,0.62462,0.62761,30686,1691330400000
1517,0.62767,0.62814,0.62617,0.62742,9412,1691332200000
1518,0.62741,0.62816,0.62646,0.62664,12100,1691334000000
1519,0.62645,0.62803,0.62567,0.62663,49430,1691335800000
1520,0.62654,0.62742,0.62547,0.62740,16665,1691337600000
1521,0.62739,0.63018,0.62724,0.63012,22909,1691339400000
1522,0.63012,0.63023,0.62811,0.62835,10750,1691341200000
1523,0.62835,0.62976,0.62751,0.62751,13259,1691343000000
1524,0.62757,0.62872,0.62733,0.62742,15994,1691344800000
1525,0.62742,0.62836,0.62680,0.62746,54383,1691346600000
1526,0.62755,0.62958,0.62685,0.62702,17727,1691348400000
1527,0.62713,0.62779,0.62688,0.62765,13352,1691350200000
1528,0.62770,0.62877,0.62706,0.62736,6144,1691352000000
1529,0.62740,0.63120,0.62725,0.62998,78622,1691353800000
1530,0.63023,0.63201,0.62966,0.63036,34272,1691355600000
1531,0.63036,0.63038,0.62281,0.62407,69749,1691357400000
1532,0.62428,0.62742,0.62371,0.62727,26914,1691359200000
1533,0.62738,0.62814,0.62523,0.62537,18962,1691361000000
1534,0.62516,0.62563,0.62329,0.62329,79478,1691362800000
1535,0.62345,0.62427,0.62153,0.62388,39807,1691364600000
1536,0.62392,0.62687,0.62384,0.62397,15351,1691366400000
1537,0.62397,0.62490,0.62083,0.62191,33554,1691368200000
1538,0.62195,0.62949,0.62195,0.62946,38549,1691370000000
1539,0.62966,0.62966,0.62509,0.62558,45020,1691371800000
1540,0.62587,0.62617,0.62337,0.62345,10060,1691373600000
1541,0.62345,0.62820,0.62345,0.62820,4340,1691375400000
1542,0.62876,0.62876,0.62539,0.62693,11102,1691377200000
1543,0.62683,0.62683,0.62541,0.62601,6777,1691379000000
1544,0.62607,0.62844,0.62544,0.62843,23868,1691380800000
1545,0.62858,0.62864,0.62647,0.62737,2186,1691382600000
1546,0.62741,0.62768,0.62553,0.62598,7511,1691384400000
1547,0.62598,0.62648,0.62525,0.62537,23979,1691386200000
1548,0.62526,0.62526,0.61639,0.61774,141273,1691388000000
1549,0.61691,0.61836,0.61539,0.61663,27262,1691389800000
1550,0.61681,0.61850,0.61301,0.61453,86727,1691391600000
1551,0.61457,0.61605,0.60695,0.61149,186347,1691393400000
1552,0.61158,0.61537,0.61080,0.61531,43279,1691395200000
1553,0.61515,0.61750,0.61398,0.61568,46949,1691397000000
1554,0.61600,0.61903,0.61524,0.61903,75919,1691398800000
1555,0.61915,0.62096,0.61763,0.61879,48323,1691400600000
1556,0.61845,0.61955,0.61735,0.61745,12282,1691402400000
1557,0.61736,0.62001,0.61736,0.61976,41697,1691404200000
1558,0.61967,0.62048,0.61879,0.62000,72826,1691406000000
1559,0.62002,0.62041,0.61877,0.61980,19174,1691407800000
1560,0.61977,0.61977,0.61692,0.61783,42647,1691409600000
1561,0.61781,0.62084,0.61761,0.61965,129575,1691411400000
1562,0.62036,0.62077,0.61537,0.61697,14749,1691413200000
1563,0.61693,0.61841,0.61437,0.61465,88155,1691415000000
1564,0.61443,0.61527,0.60900,0.61011,108616,1691416800000
1565,0.60922,0.61472,0.60922,0.61472,26099,1691418600000
1566,0.61435,0.61587,0.61120,0.61246,81650,1691420400000
1567,0.61244,0.61746,0.61175,0.61623,80783,1691422200000
1568,0.61588,0.61717,0.59733,0.61195,509103,1691424000000
1569,0.61173,0.61173,0.60371,0.60626,106374,1691425800000
1570,0.60661,0.61018,0.60546,0.60762,32611,1691427600000
1571,0.60781,0.60959,0.60488,0.60958,52238,1691429400000
1572,0.60886,0.61690,0.60859,0.61564,59301,1691431200000
1573,0.61565,0.62000,0.61386,0.61444,70978,1691433000000
1574,0.61442,0.61591,0.61319,0.61355,23664,1691434800000
1575,0.61342,0.61719,0.61324,0.61671,33221,1691436600000
1576,0.61710,0.61750,0.61495,0.61577,42955,1691438400000
1577,0.61580,0.61876,0.61509,0.61821,36920,1691440200000
1578,0.61836,0.62277,0.61728,0.62151,38451,1691442000000
1579,0.62151,0.62165,0.61836,0.61909,8662,1691443800000
1580,0.61929,0.62028,0.61918,0.61981,13016,1691445600000
1581,0.61979,0.62274,0.61979,0.62196,9194,1691447400000
1582,0.62202,0.62322,0.61979,0.62026,26420,1691449200000
1583,0.62026,0.62446,0.61893,0.62352,26127,1691451000000
1584,0.62342,0.62510,0.62206,0.62245,25465,1691452800000
1585,0.62219,0.62419,0.61983,0.62419,58216,1691454600000
1586,0.62344,0.62365,0.61831,0.61956,15289,1691456400000
1587,0.61975,0.62061,0.61876,0.61889,8825,1691458200000
1588,0.61906,0.61940,0.61752,0.61853,17942,1691460000000
1589,0.61853,0.62073,0.61853,0.62015,15117,1691461800000
1590,0.62057,0.62208,0.61833,0.61924,26958,1691463600000
1591,0.61947,0.62241,0.61911,0.62041,44970,1691465400000
1592,0.62064,0.62330,0.62050,0.62330,29809,1691467200000
1593,0.62319,0.62628,0.62319,0.62462,32695,1691469000000
1594,0.62493,0.62552,0.62374,0.62493,14729,1691470800000
1595,0.62481,0.62706,0.62424,0.62449,40690,1691472600000
1596,0.62460,0.62502,0.62188,0.62232,15979,1691474400000
1597,0.62267,0.62288,0.61884,0.61890,27541,1691476200000
1598,0.61881,0.62120,0.61849,0.62083,17018,1691478000000
1599,0.62076,0.62208,0.62031,0.62208,9974,1691479800000
1600,0.62207,0.62221,0.62032,0.62078,13136,1691481600000
1601,0.62086,0.62126,0.61847,0.61884,22307,1691483400000
1602,0.61884,0.61940,0.61621,0.61662,73004,1691485200000
1603,0.61685,0.61764,0.61422,0.61603,50005,1691487000000
1604,0.61594,0.61775,0.61575,0.61603,19416,1691488800000
1605,0.61608,0.61866,0.61449,0.61846,38699,1691490600000
1606,0.61861,0.62150,0.61861,0.62015,36572,1691492400000
1607,0.62037,0.62390,0.61917,0.62285,61336,1691494200000
1608,0.62319,0.62354,0.62075,0.62315,22225,1691496000000
1609,0.62301,0.62960,0.62158,0.62838,54087,1691497800000
1610,0.62816,0.63093,0.62679,0.62766,77481,1691499600000
1611,0.62770,0.62770,0.62188,0.62352,63507,1691501400000
1612,0.62325,0.62676,0.62296,0.62665,32537,1691503200000
1613,0.62668,0.62869,0.62605,0.62622,14488,1691505000000
1614,0.62631,0.62913,0.62614,0.62800,56132,1691506800000
1615,0.62794,0.63147,0.62771,0.62889,69420,1691508600000
1616,0.62890,0.63264,0.62858,0.63185,31757,1691510400000
1617,0.63146,0.64193,0.63107,0.63817,130641,1691512200000
1618,0.63814,0.64148,0.63541,0.63714,110799,1691514000000
1619,0.63660,0.64088,0.63575,0.63958,58274,1691515800000
1620,0.63934,0.64384,0.63732,0.64107,54155,1691517600000
1621,0.64133,0.64209,0.63449,0.63662,61844,1691519400000
1622,0.63662,0.63807,0.63551,0.63676,12310,1691521200000
1623,0.63664,0.63810,0.63533,0.63647,45267,1691523000000
1624,0.63681,0.64020,0.63578,0.63918,45465,1691524800000
1625,0.63945,0.64028,0.63814,0.63835,26803,1691526600000
1626,0.63833,0.64810,0.63831,0.64172,49103,1691528400000
1627,0.64086,0.64551,0.63779,0.64037,84713,1691530200000
1628,0.64099,0.64189,0.63905,0.64157,20350,1691532000000
1629,0.64195,0.64660,0.64156,0.64416,41472,1691533800000
1630,0.64443,0.64527,0.64021,0.64096,53725,1691535600000
1631,0.64109,0.64314,0.64002,0.64197,15058,1691537400000
1632,0.64199,0.64200,0.63870,0.63950,3456,1691539200000
1633,0.63957,0.64029,0.63849,0.63849,25081,1691541000000
1634,0.63855,0.64339,0.63791,0.64339,11173,1691542800000
1635,0.64370,0.64803,0.64203,0.64330,71859,1691544600000
1636,0.64360,0.64408,0.63835,0.63856,15969,1691546400000
1637,0.63850,0.63929,0.63599,0.63787,20815,1691548200000
1638,0.63750,0.64030,0.63726,0.63954,13425,1691550000000
1639,0.63954,0.64025,0.63779,0.63947,21742,1691551800000
1640,0.63969,0.64131,0.63832,0.64125,12300,1691553600000
1641,0.64161,0.64520,0.64161,0.64297,49504,1691555400000
1642,0.64326,0.64569,0.64243,0.64384,14782,1691557200000
1643,0.64371,0.64631,0.64293,0.64428,24280,1691559000000
1644,0.64440,0.64468,0.63979,0.63989,37902,1691560800000
1645,0.64001,0.64109,0.63933,0.63968,6797,1691562600000
1646,0.63973,0.64296,0.63934,0.64296,17684,1691564400000
1647,0.64313,0.64502,0.64232,0.64476,32252,1691566200000
1648,0.64473,0.64492,0.64068,0.64105,41052,1691568000000
1649,0.64087,0.64225,0.64026,0.64104,21441,1691569800000
1650,0.64089,0.64367,0.63980,0.64274,42657,1691571600000
1651,0.64284,0.64466,0.64278,0.64330,20045,1691573400000
1652,0.64291,0.64516,0.64173,0.64334,20432,1691575200000
1653,0.64292,0.64622,0.64151,0.64605,28894,1691577000000
1654,0.64579,0.64926,0.64482,0.64622,79402,1691578800000
1655,0.64621,0.64641,0.64320,0.64524,67833,1691580600000
1656,0.64515,0.64860,0.64515,0.64822,55930,1691582400000
1657,0.64825,0.64970,0.64564,0.64862,35323,1691584200000
1658,0.64832,0.66415,0.64711,0.66084,372388,1691586000000
1659,0.66121,0.66590,0.65719,0.66092,187708,1691587800000
1660,0.66070,0.66070,0.65412,0.65737,142663,1691589600000
1661,0.65749,0.65997,0.65254,0.65308,132768,1691591400000
1662,0.65251,0.65507,0.65135,0.65213,83584,1691593200000
1663,0.65214,0.65718,0.65122,0.65490,39395,1691595000000
1664,0.65478,0.65756,0.65294,0.65756,72630,1691596800000
1665,0.65741,0.65741,0.64890,0.65161,364412,1691598600000
1666,0.65197,0.65362,0.64957,0.65045,196419,1691600400000
1667,0.65021,0.65206,0.64817,0.65173,56117,1691602200000
1668,0.65195,0.65462,0.65122,0.65458,27153,1691604000000
1669,0.65428,0.65481,0.65291,0.65346,12830,1691605800000
1670,0.65351,0.66560,0.65351,0.66342,127065,1691607600000
1671,0.66332,0.66339,0.65730,0.66070,122599,1691609400000
1672,0.66013,0.66014,0.65565,0.65634,55901,1691611200000
1673,0.65654,0.65984,0.65625,0.65967,30975,1691613000000
1674,0.65983,0.65983,0.63315,0.64408,451234,1691614800000
1675,0.64268,0.64376,0.63479,0.63773,125531,1691616600000
1676,0.63773,0.63807,0.63159,0.63678,179024,1691618400000
1677,0.63660,0.64156,0.63535,0.64093,102201,1691620200000
1678,0.64083,0.64547,0.64029,0.64546,48316,1691622000000
1679,0.64541,0.64595,0.64284,0.64320,105476,1691623800000
